3.0
2.5
4.5
3.5
2.5
2.5
3.0
2.5
11.0
2.5
2.5
3.5
2.5
52.0
2.5
10.0
3.5
2.5
2.5
2.5
2.5
2.5
2.5
2.5
5.5
2.5
3.0
3.5
2.5
2.5
2.5
3.0
3.0
2.5
3.0
2.5
2.5
2.5
6.0
35.0
2.5
2.5
2.5
3.0
2.5
2.5
2.5
2.5
2.5
-2.5
2.5
2.5
2.5
60.0
2.5
2.5
2.5
2.5
2.5
2.5
3.0
3.5
2.5
2.5
2.5
2.5
2.5
4.0
2.5
4.0
3.0
4.0
2.5
6.0
3.5
2.5
2.5
2.5
2.5
2.5
52.0
68.5
5.0
4.5
3.0
8.5
4.0
2.5
2.5
18.0
3.0
3.0
3.5
2.5
2.5
2.5
2.5
2.5
4.5
13.0
0.0
5.0
4.0
2.5
2.5
2.5
2.5
12.5
2.5
2.5
14.0
2.5
2.5
2.5
2.5
2.5
2.5
3.5
2.5
2.5
3.0
2.5
2.5
2.5
2.5
4.0
3.0
2.5
2.5
2.5
5.0
2.5
2.5
2.5
2.5
2.5
2.5
4.0
2.5
2.5
2.5
5.5
5.5
2.5
2.5
2.5
52.0
2.5
2.5
2.5
2.5
52.0
52.0
2.5
2.5
3.5
2.5
10.0
2.5
11.0
2.5
2.5
2.0
1.0
2.5
2.5
3.0
2.5
2.5
2.5
2.5
2.5
2.5
7.0
3.5
2.5
4.0
5.5
52.0
3.0
2.5
2.5
3.0
2.5
3.5
3.0
2.5
5.0
10.0
7.5
4.0
14.5
5.0
4.0
3.5
2.5
2.5
3.0
2.5
2.5
2.5
3.0
2.5
2.5
2.5
2.5
2.5
2.5
3.5
2.5
2.5
5.0
2.5
2.5
2.5
2.5
2.5
3.5
2.5
2.5
2.5
2.5
2.5
2.5
2.5
2.5
2.5
2.5
2.5
3.5
5.0
2.5
2.5
2.5
2.5
5.0
10.0
2.5
3.0
52.0
7.5
2.5
2.5
2.5
2.5
100.0
2.5
10.0
2.5
20.0
10.0
10.0
2.5
2.5
2.5
2.5
48.58
4.5
2.5
2.5
2.5
3.0
2.5
2.5
2.5
25.0
0.01
15.0
6.0
4.5
2.5
3.0
2.5
3.0
2.5
4.5
2.5
2.5
2.5
2.5
2.5
2.5
3.5
3.0
7.0
3.0
64.2
2.5
2.5
2.5
7.0
7.5
2.5
23.5
2.5
52.8
4.5
4.5
2.5
2.5
2.5
2.5
2.5
2.5
2.5
9.5
2.5
2.5
2.5
2.5
2.5
2.5
2.5
2.5
2.5
2.5
4.0
2.5
2.5
2.5
2.5
2.5
2.5
2.5
2.5
3.0
2.5
5.0
3.0
2.5
2.5
3.5
2.5
2.5
3.0
2.5
3.5
2.5
35.0
2.5
3.0
2.5
4.5
5.5
3.0
2.5
2.5
2.5
2.5
2.5
0.0
3.5
2.5
2.5
4.5
2.5
3.0
4.0
2.5
3.0
2.5
2.5
4.0
2.5
2.5
2.5
2.5
2.5
2.5
4.0
2.5
4.0
52.0
2.5
4.0
2.5
2.5
3.5
2.5
2.5
2.5
2.5
2.5
2.5
2.5
2.5
2.5
6.0
2.5
2.5
5.5
4.0
2.5
3.0
3.0
5.0
5.5
2.5
3.0
2.5
9.5
2.5
4.5
3.5
5.0
2.5
2.5
2.5
2.5
3.0
3.0
2.5
2.5
2.5
2.5
2.5
2.5
2.5
2.5
2.5
2.5
2.5
2.5
45.5
2.5
20.0
2.5
2.5
2.5
2.5
2.5
2.5
3.0
2.5
2.5
2.5
2.5
2.5
2.5
3.0
2.5
7.0
2.5
2.5
2.5
2.5
2.5
2.5
2.5
2.5
2.5
2.5
2.5
4.0
6.0
5.0
0.01
2.5
2.5
4.0
2.5
2.5
3.5
2.5
2.5
2.5
5.0
2.5
2.5
2.5
2.5
7.5
2.5
0.0
3.0
3.0
2.5
4.5
6.5
2.5
2.5
2.5
2.5
2.5
3.0
3.0
11.0
5.0
5.0
10.5
2.5
2.5
16.3
2.5
8.5
7.0
2.5
2.5
5.0
2.5
2.5
2.5
2.5
2.5
3.0
4.0
2.5
2.5
3.5
2.5
2.5
2.5
5.5
3.5
2.5
2.5
2.5
2.5
2.5
6.0
2.5
3.0
4.0
2.5
2.5
2.5
2.5
2.5
4.5
4.5
0.0
2.5
5.5
3.5
4.0
2.5
4.0
5.0
2.5
2.5
2.5
2.5
2.5
2.5
2.5
2.5
2.5
2.5
2.5
5.5
0.0
0.0
0.0
5.5
2.5
5.0
6.0
2.5
2.5
2.5
2.5
2.5
3.5
2.5
2.5
2.5
2.5
70.45
2.5
2.5
2.5
2.5
2.5
2.5
2.5
4.5
2.5
2.5
2.5
2.5
2.5
2.5
2.5
2.5
2.5
2.5
3.0
3.0
3.0
3.0
2.5
2.5
5.0
2.5
2.5
6.0
2.5
2.5
2.5
2.5
2.5
2.5
2.5
3.5
4.5
2.5
3.0
3.0
2.5
2.5
3.0
2.5
2.5
2.5
2.5
2.5
2.5
5.5
6.5
3.5
2.5
2.5
2.5
2.5
3.0
4.0
3.5
2.5
3.0
6.5
3.0
2.5
2.5
5.0
3.0
2.5
2.5
3.5
2.5
8.5
-18.0
18.0
6.5
4.5
2.5
2.5
2.5
3.5
2.5
2.5
2.5
2.5
5.5
5.5
73.5
2.5
4.0
13.0
4.0
2.5
2.5
3.0
6.0
4.5
3.0
3.0
2.5
2.5
2.5
13.5
8.5
3.0
2.5
4.0
2.5
3.0
3.0
2.5
2.5
3.0
2.5
2.5
2.5
2.5
2.5
2.5
17.5
2.5
3.0
-2.5
2.5
2.5
2.5
2.5
3.0
3.0
52.0
3.5
3.0
2.5
2.5
2.5
4.5
2.5
16.0
3.0
2.5
2.5
2.5
3.0
2.5
2.5
52.0
2.5
2.5
2.5
4.5
2.5
2.5
2.5
2.5
2.5
6.0
4.5
8.0
4.0
3.5
2.5
2.5
5.0
5.0
52.0
52.0
52.0
4.5
52.0
2.5
2.5
3.0
2.5
2.5
2.5
2.5
2.5
2.5
2.5
2.5
2.5
2.5
6.0
3.5
2.5
75.0
6.0
3.0
2.5
2.5
5.5
2.5
3.0
2.5
2.5
3.5
3.0
3.0
52.0
3.5
2.5
2.5
6.0
2.5
2.5
2.5
6.5
12.5
2.5
2.5
2.5
4.5
2.5
21.0
2.5
2.5
2.5
2.5
2.5
2.5
4.0
6.0
2.5
3.0
3.5
2.5
4.5
12.0
2.5
2.5
2.5
2.5
2.5
2.5
2.5
3.0
2.5
2.5
2.5
2.5
2.5
2.5
2.5
7.0
2.5
2.5
2.5
2.5
2.5
5.0
2.5
2.5
2.5
13.0
6.0
6.5
2.5
2.5
2.5
3.0
3.0
2.5
2.5
6.0
2.5
2.5
2.5
7.5
2.5
2.5
3.5
2.5
2.5
2.5
63.0
14.5
15.5
2.5
2.5
2.5
21.0
2.5
2.5
2.5
2.5
7.0
4.0
10.0
2.5
2.5
2.5
-2.5
2.5
2.5
5.5
2.5
2.5
2.5
2.5
2.5
2.5
2.5
2.5
2.5
2.5
5.0
2.5
3.0
2.5
2.5
2.5
2.5
3.0
2.5
2.5
2.5
2.5
2.5
2.5
75.55
2.5
2.5
52.0
2.5
2.5
0.0
0.0
52.0
3.0
2.5
2.5
2.5
5.0
5.0
2.5
6.0
2.5
2.5
2.5
3.0
15.0
2.5
2.5
0.0
4.0
14.0
6.5
2.5
2.5
2.5
3.0
2.5
2.5
2.5
2.5
2.5
4.0
24.5
5.5
3.5
2.5
2.5
2.5
2.5
2.5
2.5
2.5
2.5
2.5
2.5
52.0
20.5
5.0
2.5
3.0
2.5
2.5
2.5
9.5
2.5
3.5
2.5
2.5
2.5
2.5
2.5
2.5
2.5
2.5
2.5
2.5
2.5
2.5
2.5
2.5
2.5
2.5
2.5
2.5
6.0
2.5
3.0
2.5
3.0
2.5
0.01
15.0
13.0
3.0
3.5
2.5
2.5
4.0
2.5
2.5
2.5
2.5
26.0
4.5
7.0
8.5
2.5
2.5
3.0
2.5
2.5
5.0
4.0
2.5
6.0
4.0
10.5
7.5
6.0
2.5
2.5
2.5
3.0
2.5
2.5
2.5
2.5
2.5
2.5
2.5
7.0
9.5
2.5
14.5
52.0
2.5
2.5
2.5
6.0
2.5
2.5
2.5
2.5
2.5
52.0
8.5
4.5
4.0
5.5
2.5
2.5
2.5
2.5
5.0
5.0
5.0
5.0
2.5
2.5
2.5
2.5
2.5
2.5
2.5
2.5
2.5
5.5
13.5
13.0
2.5
2.5
2.5
2.5
27.5
10.0
2.5
2.5
5.0
10.5
7.5
4.5
2.5
6.5
52.0
2.5
3.0
3.0
2.5
3.0
10.5
3.5
2.5
2.5
2.5
6.0
3.5
2.5
2.5
2.5
2.5
1.0
1.0
2.5
2.5
2.5
2.5
3.0
7.0
2.5
2.5
2.5
2.5
2.5
15.3
3.0
8.0
2.5
2.5
3.0
5.5
2.5
2.5
2.5
3.5
5.5
4.0
-2.5
2.5
4.5
5.5
2.5
3.0
2.5
2.5
3.0
2.5
2.5
2.5
52.0
7.0
3.0
5.5
2.5
2.5
2.5
2.5
2.5
5.0
2.5
2.5
2.5
2.5
3.0
2.5
2.5
2.5
2.5
2.5
2.5
2.5
2.5
2.5
2.5
2.5
2.5
2.5
5.0
2.5
2.5
2.5
2.5
3.0
2.5
2.5
2.5
3.0
2.5
2.5
4.0
2.5
5.0
2.5
3.0
4.0
3.5
3.0
2.5
3.0
2.5
2.5
2.5
2.5
4.5
2.5
5.5
3.5
2.5
2.5
2.5
2.5
2.5
2.5
2.5
2.5
3.5
2.5
2.5
2.5
2.5
5.5
2.5
2.5
2.5
2.5
3.5
2.5
2.5
2.5
2.5
2.5
7.0
2.5
2.5
2.5
2.5
2.5
5.5
3.5
2.5
2.5
3.0
2.5
9.0
20.0
2.5
2.5
52.0
3.0
2.5
2.5
2.5
3.5
2.5
2.5
4.0
5.5
-2.5
2.5
2.5
2.5
2.5
2.5
2.5
10.5
3.0
7.0
9.0
-3.0
3.0
2.5
5.0
2.5
2.5
6.0
3.5
5.0
8.0
8.5
7.5
3.5
2.5
2.5
2.5
2.5
2.5
11.5
15.5
3.5
2.5
3.5
3.0
2.5
2.5
2.5
16.0
5.5
12.0
3.5
2.5
2.5
2.5
3.0
2.5
4.5
2.5
19.0
4.0
2.5
2.5
4.0
2.5
2.5
3.5
3.0
3.5
2.5
5.0
2.5
3.0
3.0
0.0
11.0
96.5
0.0
0.0
0.0
0.0
2.5
2.5
2.5
52.0
2.5
6.5
2.5
3.0
2.5
2.5
2.5
2.5
2.5
2.5
2.5
7.0
5.5
6.0
3.5
2.5
2.5
2.5
2.5
2.5
21.3
2.5
2.5
2.5
52.0
2.5
10.5
2.5
2.5
3.0
2.5
2.5
3.5
2.5
2.5
2.5
2.5
5.5
6.0
4.0
3.0
18.0
6.5
5.5
5.5
2.5
10.0
2.5
2.5
2.5
3.0
2.5
2.5
2.5
4.0
-2.5
2.5
-2.5
2.5
6.5
2.5
6.5
4.5
2.5
2.5
2.5
2.5
2.5
2.5
4.5
4.0
2.5
5.0
2.5
2.5
2.5
2.5
2.5
2.5
3.0
5.0
2.5
2.5
2.5
2.5
2.5
2.5
3.5
8.0
41.2
2.5
0.0
2.5
2.5
2.5
2.5
2.5
2.5
2.5
4.5
2.5
3.0
2.5
3.0
2.5
2.5
4.5
3.5
2.5
2.5
2.5
2.5
2.5
2.5
3.5
2.5
3.5
3.5
2.5
2.5
3.0
2.5
2.5
4.5
4.0
4.0
2.5
6.5
10.0
2.5
4.5
4.0
3.0
5.5
2.5
2.5
3.0
2.5
2.5
2.5
2.5
5.0
2.5
2.5
55.55
2.5
2.5
2.5
3.0
4.5
-2.5
2.5
2.5
2.5
2.5
6.5
4.0
31.0
52.0
2.5
2.5
2.5
3.0
2.5
2.5
52.0
2.5
2.5
2.5
4.0
5.0
38.5
2.5
2.5
2.5
2.5
6.0
10.5
2.5
9.5
2.5
2.5
2.5
2.5
20.0
2.5
2.5
2.5
2.5
2.5
100.0
50.0
2.5
2.5
2.5
3.0
2.5
2.5
2.5
3.0
2.5
2.5
2.5
2.5
2.5
4.5
2.5
2.5
2.5
2.5
2.5
2.5
3.0
2.5
7.5
3.0
2.5
3.0
2.5
6.5
2.5
5.0
11.5
2.5
2.5
4.0
5.5
3.5
5.0
3.0
2.5
2.5
2.5
2.5
0.0
52.0
2.5
2.5
52.0
20.0
2.5
2.5
3.5
4.5
4.0
2.5
2.5
2.5
2.5
2.5
-2.5
2.5
-2.5
2.5
3.0
2.5
2.5
2.5
4.0
7.5
2.5
-3.5
3.5
5.5
3.0
3.0
4.5
25.0
2.5
-52.0
52.0
5.5
22.3
3.0
2.5
2.5
3.0
3.0
2.5
2.5
3.0
2.5
2.5
2.5
2.5
3.0
3.5
10.0
2.5
2.5
2.5
2.5
2.5
3.0
2.5
2.5
4.0
4.0
2.5
2.5
2.5
7.5
5.0
2.5
2.5
2.5
2.5
2.5
3.0
2.5
2.5
2.5
2.5
2.5
2.5
7.5
2.5
65.0
2.5
0.01
2.5
8.5
2.5
2.5
2.5
6.0
62.0
2.5
2.5
2.5
2.5
2.5
2.5
6.5
3.5
18.5
2.5
2.5
2.5
2.5
2.5
3.0
0.0
0.0
0.0
3.0
2.5
2.5
2.5
5.5
2.5
2.5
8.0
2.5
8.0
3.5
3.0
3.5
3.5
3.0
8.0
3.0
2.5
2.5
2.5
2.5
5.0
5.5
2.5
4.5
2.5
2.5
4.0
3.0
3.0
7.5
3.0
2.5
2.5
4.0
60.0
2.5
2.5
3.0
2.5
4.5
2.5
2.5
2.5
2.5
2.5
2.5
3.0
2.5
2.5
7.0
2.5
35.0
2.5
3.0
5.5
-2.5
2.5
65.0
2.5
2.5
2.5
2.5
2.5
2.5
5.5
3.0
2.5
2.5
2.5
2.5
2.5
2.5
3.5
2.5
3.0
3.0
2.5
2.5
2.5
2.5
2.5
2.5
2.5
2.5
18.5
5.0
4.5
6.5
3.0
2.5
2.5
2.5
5.5
13.5
2.5
4.5
2.5
100.0
0.0
4.0
2.5
3.0
2.5
2.5
3.0
2.5
3.0
5.0
2.5
5.0
2.5
2.5
2.5
2.5
2.5
2.5
2.5
2.5
2.5
2.5
2.5
11.5
2.5
2.5
5.0
2.5
2.5
3.0
2.5
2.5
2.5
52.0
38.6
2.5
2.5
2.5
2.5
2.5
2.5
2.5
2.5
2.5
2.5
3.0
7.0
52.0
4.5
4.0
8.0
4.0
2.5
2.5
2.5
2.5
2.5
2.5
2.5
2.5
4.0
52.0
2.5
5.5
2.5
2.5
2.5
2.5
4.0
2.5
3.5
52.0
2.5
4.0
2.5
3.0
51.8
2.5
2.5
3.0
2.5
2.5
2.5
2.5
2.5
2.5
2.5
2.5
50.0
2.5
4.5
3.0
2.5
2.5
2.5
2.5
2.5
2.5
3.0
3.0
3.0
5.5
2.5
5.5
2.5
2.5
2.5
2.5
2.5
3.0
2.5
2.5
2.5
2.5
3.0
2.5
3.0
5.0
2.5
3.0
2.5
2.5
4.0
5.0
2.5
3.5
4.0
2.5
2.5
3.0
2.5
2.5
3.0
6.5
2.5
2.5
2.5
2.5
2.5
2.5
2.5
4.0
2.5
2.5
2.5
2.5
2.5
2.5
3.0
2.5
2.5
2.5
2.5
2.5
5.0
3.0
2.5
2.5
2.5
2.5
2.5
52.0
4.0
3.0
2.5
2.5
2.5
2.5
2.5
2.5
2.5
2.5
2.5
2.5
3.0
3.0
3.5
3.0
2.5
2.5
2.5
2.5
4.0
52.0
6.0
3.0
2.5
5.5
3.0
3.0
2.5
20.0
2.5
2.5
2.5
2.5
2.5
2.5
2.5
5.0
3.0
52.0
2.5
2.5
4.5
5.5
4.5
4.0
5.0
2.5
4.0
4.5
4.0
3.5
2.5
3.0
2.5
3.5
2.5
2.5
2.5
4.5
3.5
2.5
3.5
3.5
2.5
6.0
4.0
2.5
2.5
2.5
2.5
2.5
2.5
2.5
2.5
2.5
2.5
5.0
2.5
2.5
3.0
4.0
2.5
3.0
2.5
2.5
5.5
6.0
62.0
52.0
2.5
3.0
3.0
2.5
2.5
2.5
3.0
2.5
2.5
7.5
4.0
2.5
2.5
2.5
10.5
52.0
12.5
11.0
6.0
3.0
2.5
2.5
4.5
10.5
17.0
5.5
4.5
2.5
2.5
2.5
2.5
4.0
5.0
2.5
18.0
18.0
3.0
52.0
2.5
2.5
3.5
2.5
52.0
5.5
2.5
4.0
2.5
2.5
2.5
2.5
3.0
5.5
2.5
2.5
3.0
2.5
2.5
6.0
2.5
2.5
2.5
2.5
10.0
2.5
2.5
2.5
2.5
2.5
2.5
4.5
2.5
3.5
4.0
2.5
3.5
2.5
2.5
3.0
2.5
2.5
2.5
5.5
0.0
2.5
4.0
3.5
3.0
3.0
2.5
2.5
2.5
2.5
2.5
2.5
3.0
2.5
23.0
2.5
5.0
2.5
2.5
2.5
3.5
2.5
2.5
2.5
6.5
5.0
3.5
3.0
2.5
4.0
2.5
3.5
3.5
3.0
3.5
2.5
2.5
5.5
2.5
6.0
2.5
2.5
3.0
6.5
2.5
2.5
2.5
6.0
6.0
6.5
62.0
2.5
2.5
56.5
3.5
3.5
5.0
4.0
2.5
2.5
4.5
4.0
2.5
3.0
4.0
4.5
6.0
4.5
2.5
2.5
5.5
7.0
2.5
2.5
2.5
2.5
4.0
4.0
3.0
3.0
3.0
2.5
2.5
2.5
2.5
2.5
2.5
2.5
4.0
52.0
4.0
2.5
2.5
3.0
5.0
2.5
3.0
2.5
3.5
3.0
2.5
2.5
3.5
2.5
2.5
62.0
2.5
2.5
3.5
5.5
3.5
2.5
2.5
3.0
2.5
2.5
2.5
2.5
2.5
2.5
3.0
2.5
2.5
2.5
5.5
2.5
5.0
2.5
5.5
9.0
12.5
8.0
2.5
2.5
2.5
2.5
2.5
2.5
2.5
5.5
4.5
4.0
2.5
2.5
-2.5
2.5
25.0
2.5
70.6
4.5
20.0
2.5
52.0
7.0
24.0
2.5
2.5
4.5
4.0
5.0
2.5
3.5
2.5
2.5
2.5
3.5
5.5
62.0
7.0
3.0
2.5
3.0
3.0
3.0
2.5
-2.5
3.0
2.5
45.0
2.5
3.0
2.5
2.5
3.0
2.5
2.5
2.5
8.5
4.5
2.5
2.5
50.0
30.0
2.5
2.5
2.5
2.5
2.5
2.5
4.0
2.5
48.0
2.5
3.5
4.5
2.5
3.5
2.5
2.5
3.5
5.0
2.5
7.0
2.5
2.5
11.0
2.5
2.5
2.5
2.5
2.5
2.5
2.5
2.5
2.5
10.5
3.5
3.0
52.0
20.0
5.5
3.0
2.5
2.5
2.5
2.5
2.5
-3.0
3.0
65.0
2.5
8.0
4.0
2.5
3.0
3.0
2.5
2.5
5.0
58.0
4.5
5.5
3.5
8.0
6.5
2.5
2.5
2.5
2.5
2.5
2.5
2.5
3.0
3.0
2.5
2.5
6.0
4.0
2.5
2.5
3.0
2.5
2.5
4.0
52.0
2.5
5.5
3.0
2.5
2.5
2.5
2.5
3.0
4.0
3.0
2.5
3.5
2.5
2.5
2.5
2.5
2.5
4.5
2.5
2.5
2.5
2.5
2.5
2.5
2.5
2.5
2.5
2.5
2.5
3.5
2.5
2.5
6.0
0.0
52.8
2.5
2.5
2.5
5.0
2.5
62.0
3.0
6.0
5.5
4.0
2.5
8.0
15.0
3.0
10.0
3.5
9.0
2.5
2.5
2.5
3.5
2.5
2.5
3.0
2.5
9.0
41.0
5.0
3.0
4.0
10.5
2.5
2.5
2.5
2.5
49.0
2.5
2.5
2.5
2.5
2.5
2.5
2.5
2.5
4.0
2.5
2.5
3.5
2.5
2.5
2.5
2.5
2.5
2.5
4.0
2.5
3.5
2.5
2.5
2.5
6.0
2.5
2.5
2.5
2.5
2.5
2.5
2.5
5.0
2.5
2.5
2.5
2.5
2.5
2.5
2.5
2.5
2.5
2.5
8.5
2.5
2.5
4.0
2.5
2.5
2.5
3.0
2.5
2.5
16.5
7.0
2.5
6.5
5.0
9.5
2.5
2.5
15.5
3.5
4.0
3.0
52.0
52.0
2.5
2.5
2.5
2.5
3.5
52.0
2.5
2.5
2.5
2.5
2.5
2.5
2.5
6.5
3.0
2.5
2.5
2.5
5.5
8.0
5.5
8.0
4.0
52.0
3.0
3.0
2.5
2.5
2.5
2.5
2.5
2.5
-3.5
3.5
4.0
3.0
2.5
4.0
2.5
2.5
2.5
2.5
3.0
3.0
2.5
2.5
2.5
2.5
4.0
7.5
3.5
2.5
2.5
2.5
2.5
2.5
2.5
2.5
2.5
8.0
2.5
4.0
2.5
2.5
4.0
4.0
4.0
4.0
4.5
2.5
4.0
2.5
4.0
2.5
4.0
4.0
2.5
2.5
0.0
2.5
2.5
2.5
2.5
4.0
2.5
2.5
3.0
3.5
2.5
3.5
2.5
-2.5
2.5
-2.5
2.5
5.5
2.5
3.0
2.5
2.5
5.0
2.5
2.5
6.0
2.5
-4.0
4.0
3.5
3.5
3.5
2.5
2.5
2.5
2.5
3.0
2.5
2.5
4.0
2.5
4.0
4.5
2.5
2.5
2.5
52.0
52.0
52.0
4.5
20.0
2.5
2.5
6.0
2.5
2.5
2.5
2.5
200.0
3.0
3.0
8.0
2.5
4.0
3.5
5.5
4.5
-46.8
46.8
5.0
2.5
3.0
4.5
2.5
6.5
46.0
2.5
5.0
2.5
2.5
2.5
2.5
2.5
2.5
2.5
2.5
2.5
2.5
2.5
2.5
2.5
2.5
5.0
4.0
7.5
52.0
3.5
3.0
3.5
4.5
6.5
3.0
2.5
2.5
2.5
3.5
2.5
2.5
0.0
3.5
2.5
2.5
2.5
3.5
4.5
4.5
2.5
3.0
2.5
2.5
3.5
3.0
2.5
2.5
3.0
6.5
2.5
3.5
2.5
3.0
3.0
2.5
2.5
2.5
2.5
2.5
2.5
2.5
20.0
2.5
3.0
2.5
2.5
2.5
2.5
2.5
2.5
2.5
2.5
2.5
2.5
52.0
2.5
2.5
5.0
3.0
2.5
3.5
2.5
2.5
-2.5
2.5
-2.5
2.5
-52.0
52.0
-0.05
0.05
18.0
2.5
2.5
2.5
2.5
4.0
7.5
3.0
52.0
2.5
65.0
52.0
2.5
2.5
2.5
4.5
52.0
3.0
3.5
2.5
2.5
2.5
5.5
5.5
3.5
6.5
5.0
2.5
2.5
3.0
2.5
2.5
2.5
2.5
2.5
14.5
5.5
3.0
3.0
2.5
3.0
15.0
2.5
2.5
2.5
2.5
2.5
2.5
2.5
2.5
2.5
2.5
6.5
2.5
2.5
3.0
7.5
3.5
5.0
52.0
2.5
2.5
2.5
2.5
2.5
2.5
2.5
39.2
4.0
5.5
2.5
2.5
0.0
3.0
2.5
2.5
5.0
2.5
2.5
2.5
2.5
2.5
52.0
3.0
4.0
2.5
2.5
2.5
2.5
2.5
2.5
3.0
32.2
0.0
2.5
7.5
2.5
2.5
4.0
2.5
2.5
2.5
2.5
2.5
2.5
3.0
2.5
3.5
2.5
2.5
3.0
52.0
11.5
2.5
5.0
3.0
2.5
35.0
2.5
2.5
2.5
5.0
2.5
3.0
4.5
6.0
2.5
2.5
10.0
5.0
2.5
3.5
48.0
2.5
2.5
52.0
3.5
2.5
2.5
5.0
52.0
2.5
3.0
2.5
2.5
2.5
3.0
8.0
2.5
2.5
2.5
2.5
2.5
2.5
2.5
2.5
2.5
52.0
4.5
2.5
4.0
3.0
3.0
2.5
2.5
4.0
13.5
5.0
50.0
2.5
2.5
6.0
8.5
10.0
2.5
5.5
3.0
4.0
2.5
3.0
2.5
4.0
2.5
3.0
2.5
52.0
2.5
5.0
2.5
2.5
2.5
2.5
2.5
52.0
2.5
2.5
2.5
3.5
2.5
2.5
2.5
2.5
2.5
2.5
2.5
5.5
4.5
5.0
4.0
3.0
4.5
4.5
5.5
22.0
52.0
6.0
23.3
2.5
2.5
2.5
2.5
5.5
3.0
4.5
4.5
3.0
4.5
3.5
2.5
4.0
2.5
2.5
2.5
2.5
3.0
4.0
2.5
2.5
3.0
2.5
5.0
2.5
3.5
2.5
2.5
2.5
3.0
2.5
2.5
2.5
4.5
2.5
4.0
7.0
2.5
2.5
6.0
2.5
45.0
4.0
2.5
2.5
2.5
2.5
2.5
2.5
3.0
3.5
2.5
2.5
2.5
3.0
2.5
2.5
2.5
2.5
3.5
2.5
52.0
3.5
2.5
2.5
6.5
3.0
2.5
4.0
3.5
3.0
2.5
2.5
13.5
5.0
2.5
3.5
2.5
2.5
2.5
26.0
25.3
4.5
3.0
2.5
2.5
2.5
3.0
2.5
2.5
2.5
28.0
2.5
6.0
2.5
3.0
2.5
4.5
3.0
2.5
5.0
3.5
3.0
2.5
2.5
2.5
2.5
56.0
3.5
