0.0,32.9893
0.01,21.9307
0.02,19.4611
0.03,20.4491
0.04,18.7758
0.05,19.9135
0.06,22.6867
0.07,18.7959
0.08,18.2514
0.09,18.71
0.1,13.0366
0.11,14.7947
0.12,15.5927
0.13,14.1983
0.14,14.7834
0.15,13.6974
0.16,12.612
0.17,13.1851
0.18,11.7488
0.19,11.1862
0.2,9.10622
0.21,9.44366
0.22,9.27715
0.23,9.52933
0.24,9.5176
0.25,9.73938
0.26,9.19645
0.27,9.22246
0.28,9.0688
0.29,8.7547
0.3,8.56486
0.31,8.94203
0.32,8.60122
0.33,8.78698
0.34,8.76757
0.35,8.60718
0.36,8.60323
0.37,8.60411
0.38,8.69048
0.39,8.74377
0.4,8.8767
0.41,8.72367
0.42,8.78708
0.43,8.83283
0.44,8.92084
0.45,8.94679
0.46,8.9489
0.47,8.91558
0.48,9.01596
0.49,9.06006
0.5,9.31213
0.51,9.23415
0.52,9.33855
0.53,9.25797
0.54,9.33232
0.55,9.38133
0.56,9.37911
0.57,9.42447
0.58,9.49938
0.59,9.51168
0.6,9.82981
0.61,9.64375
0.62,9.6831
0.63,9.70546
0.64,9.81135
0.65,9.86993
0.66,9.85009
0.67,9.92104
0.68,9.96623
0.69,9.99482
0.7,10.3263
0.71,10.1752
0.72,10.1717
0.73,10.2223
0.74,10.2702
0.75,10.319
0.76,10.3525
0.77,10.4433
0.78,10.4642
0.79,10.5387
0.8,10.8036
0.81,10.5978
0.82,10.6806
0.83,10.7229
0.84,10.8399
0.85,10.8242
0.86,10.8663
0.87,10.9324
0.88,10.9326
0.89,10.9933
0.9,11.2835
0.91,11.1285
0.92,11.1935
0.93,11.2331
0.94,11.2766
0.95,11.3041
0.96,11.3585
0.97,11.3724
0.98,11.4705
0.99,11.4933
1.0,11.7772
1.01,11.6564
1.02,11.6947
1.03,11.7721
1.04,11.8379
1.05,11.8421
1.06,11.8789
1.07,11.9461
1.08,11.9891
1.09,12.0644
1.1,12.2432
1.11,12.1433
1.12,12.1717
1.13,12.1973
1.14,12.2411
1.15,12.3021
1.16,12.3744
1.17,12.4033
1.18,12.4411
1.19,12.4748
1.2,12.6696
1.21,12.6245
1.22,12.5962
1.23,12.7034
1.24,12.691
1.25,12.7487
1.26,12.7634
1.27,12.8114
1.28,12.865
1.29,12.9348
1.3,13.124
1.31,12.9962
1.32,13.0684
1.33,13.0655
1.34,13.0504
1.35,13.1486
1.36,13.2293
1.37,13.2506
1.38,13.2851
1.39,13.3584
1.4,13.5189
1.41,13.4319
1.42,13.459
1.43,13.4731
1.44,13.5464
1.45,13.5794
1.46,13.643
1.47,13.6679
1.48,13.6579
1.49,13.7044
1.5,13.9545
1.51,13.8067
1.52,13.8495
1.53,13.8904
1.54,13.9461
1.55,14.0114
1.56,14.0423
1.57,14.0564
1.58,14.0958
1.59,14.134
1.6,14.347
1.61,14.2302
1.62,14.2123
1.63,14.2509
1.64,14.3464
1.65,14.3805
1.66,14.4114
1.67,14.4735
1.68,14.4914
1.69,14.5901
1.7,14.7309
1.71,14.6218
1.72,14.701
1.73,14.6972
1.74,14.7398
1.75,14.7502
1.76,14.7947
1.77,14.8705
1.78,14.8805
1.79,14.9803
1.8,15.0971
1.81,14.9988
1.82,15.0858
1.83,15.104
1.84,15.0924
1.85,15.1806
1.86,15.2215
1.87,15.2109
1.88,15.3045
1.89,15.3194
1.9,15.4788
1.91,15.3961
1.92,15.4489
1.93,15.5122
1.94,15.5805
1.95,15.552
1.96,15.5358
1.97,15.6198
1.98,15.6281
1.99,15.6698
2.0,15.8747
2.01,15.7675
2.02,15.8828
2.03,15.8638
2.04,15.8441
2.05,15.9606
2.06,15.9687
2.07,16.0018
2.08,16.0725
2.09,16.0826
2.1,16.2488
2.11,16.0872
2.12,16.157
2.13,16.2064
2.14,16.2655
2.15,16.3186
2.16,16.3747
2.17,16.4468
2.18,16.4254
2.19,16.4708
2.2,16.6506
2.21,16.503
2.22,16.6088
2.23,16.5608
2.24,16.6525
2.25,16.7071
2.26,16.7435
2.27,16.7096
2.28,16.7547
2.29,16.7739
2.3,16.9886
2.31,16.9763
2.32,16.9071
2.33,16.9728
2.34,17.0083
2.35,17.0514
2.36,17.1133
2.37,17.0621
2.38,17.1235
2.39,17.2557
2.4,17.4203
2.41,17.3179
2.42,17.3755
2.43,17.3289
2.44,17.4348
2.45,17.4973
2.46,17.5058
2.47,17.5856
2.48,17.591
2.49,17.4736
2.5,17.8031
2.51,17.7443
2.52,17.7614
2.53,17.6935
2.54,17.8103
2.55,17.7128
2.56,17.9125
2.57,17.8221
2.58,17.9519
2.59,17.9434
2.6,18.1105
2.61,17.9729
2.62,18.1481
2.63,18.1857
2.64,18.0968
2.65,18.1206
2.66,18.2075
2.67,18.2258
2.68,18.3929
2.69,18.3173
2.7,18.472
2.71,18.3884
2.72,18.4707
2.73,18.5263
2.74,18.5523
2.75,18.511
2.76,18.6732
2.77,18.6454
2.78,18.687
2.79,18.7448
2.8,18.8771
2.81,18.7337
2.82,18.7688
2.83,18.8423
2.84,18.8104
2.85,18.9689
2.86,18.9669
2.87,18.9772
2.88,18.9302
2.89,19.1582
2.9,19.215
2.91,19.0867
2.92,19.1931
2.93,19.3183
2.94,19.19
2.95,19.417
2.96,19.4297
2.97,19.3019
2.98,19.3076
2.99,19.4834
3.0,19.5554
3.01,19.5521
3.02,19.6522
3.03,19.5596
3.04,19.7584
3.05,19.67
3.06,19.7178
3.07,19.8204
3.08,19.708
3.09,19.8806
3.1,19.92
3.11,19.976
3.12,19.8378
3.13,20.101
3.14,20.0809
3.15,19.9745
3.16,20.2587
3.17,20.3193
3.18,20.1977
3.19,20.2985
3.2,20.2522
3.21,20.45
3.22,20.352
3.23,20.3811
3.24,20.3006
3.25,20.457
3.26,20.4622
3.27,20.4858
3.28,20.5948
3.29,20.6187
3.3,20.6401
3.31,20.6106
3.32,20.619
3.33,20.8045
3.34,20.5705
3.35,20.527
3.36,20.6946
3.37,20.7499
3.38,20.8506
3.39,20.867
3.4,20.8875
3.41,20.9034
3.42,20.9349
3.43,20.9311
3.44,21.0061
3.45,21.2196
3.46,21.0471
3.47,21.0858
3.48,21.2492
3.49,21.3181
3.5,21.2382
3.51,21.3637
3.52,21.2496
3.53,21.3606
3.54,21.3245
3.55,21.2739
3.56,21.4319
3.57,21.5092
3.58,21.4387
3.59,21.5631
3.6,21.6607
3.61,21.6216
3.62,21.6799
3.63,21.4932
3.64,21.7389
3.65,21.6461
3.66,21.7197
3.67,21.8591
3.68,21.6948
3.69,21.8305
3.7,21.9092
3.71,21.8691
3.72,21.7986
3.73,22.0809
3.74,21.9338
3.75,22.1142
3.76,21.9885
3.77,22.1638
3.78,22.2399
3.79,21.9554
3.8,22.2798
3.81,22.2446
3.82,22.2751
3.83,22.3737
3.84,22.2131
3.85,22.2564
3.86,22.6156
3.87,22.463
3.88,22.4857
3.89,22.4056
3.9,22.5293
3.91,22.6435
3.92,22.6226
3.93,22.6014
3.94,22.3973
3.95,22.7867
3.96,22.6333
3.97,22.8497
3.98,22.6924
3.99,22.5723
4.0,22.7869
4.01,22.9524
4.02,22.8848
4.03,22.8118
4.04,22.949
4.05,23.1641
4.06,22.823
4.07,23.0084
4.08,23.1095
4.09,23.0523
4.1,23.173
4.11,23.1774
4.12,23.1968
4.13,22.9184
4.14,23.2544
4.15,23.3261
4.16,23.1471
4.17,23.5544
4.18,23.3753
4.19,23.4742
4.2,23.4038
4.21,23.6129
4.22,23.581
4.23,23.849
4.24,23.5845
4.25,23.5979
4.26,23.3934
4.27,23.5945
4.28,23.4914
4.29,23.9607
4.3,23.7031
4.31,23.4886
4.32,23.6606
4.33,23.8428
4.34,23.7402
4.35,23.7194
4.36,24.0485
4.37,23.8862
4.38,23.9794
4.39,23.8173
4.4,23.9641
4.41,24.269
4.42,23.7794
4.43,23.8248
4.44,24.0463
4.45,24.1379
4.46,24.4506
4.47,24.1195
4.48,24.2885
4.49,24.3125
4.5,24.3979
4.51,24.1557
4.52,24.152
4.53,24.7007
4.54,24.4522
4.55,24.3163
4.56,24.6028
4.57,24.417
4.58,24.3333
4.59,24.5729
4.6,24.5326
4.61,24.635
4.62,24.6466
4.63,24.6077
4.64,24.5892
4.65,24.9022
4.66,25.0281
4.67,24.6196
4.68,24.6713
4.69,24.5826
4.7,24.8342
4.71,24.7483
4.72,24.8888
4.73,24.9741
4.74,25.1781
4.75,25.0956
4.76,24.7522
4.77,25.122
4.78,24.7325
4.79,24.7988
4.8,25.0635
4.81,25.278
4.82,25.3298
4.83,25.0392
4.84,25.2375
4.85,25.3705
4.86,25.4849
4.87,25.3228
4.88,25.5835
4.89,25.1728
4.9,25.5624
4.91,25.6338
4.92,25.2155
4.93,25.6792
4.94,25.5004
4.95,25.3663
4.96,25.8385
4.97,25.6121
4.98,25.6761
4.99,25.4985
5.0,25.6741
5.01,25.6243
5.02,25.9676
5.03,25.6606
5.04,25.7362
5.05,25.8357
5.06,26.2233
5.07,25.8084
5.08,26.0129
5.09,25.7994
5.1,25.855
5.11,26.2598
5.12,25.7046
5.13,25.9696
5.14,25.8893
5.15,26.0609
5.16,25.8956
5.17,25.8573
5.18,26.0749
5.19,26.3255
5.2,26.2426
5.21,26.4495
5.22,25.943
5.23,26.1625
5.24,26.5768
5.25,26.3732
5.26,26.4351
5.27,26.245
5.28,26.589
5.29,26.4198
5.3,26.4972
5.31,27.023
5.32,26.1537
5.33,26.8723
5.34,26.1447
5.35,26.2831
5.36,26.4999
5.37,27.0069
5.38,26.5477
5.39,26.6237
5.4,26.7235
5.41,26.6435
5.42,26.7895
5.43,27.0049
5.44,26.9403
5.45,26.7713
5.46,27.3177
5.47,27.0651
5.48,27.2029
5.49,26.9435
5.5,27.0616
5.51,27.3782
5.52,26.969
5.53,27.3248
5.54,26.9577
5.55,27.2741
5.56,27.5119
5.57,27.0872
5.58,27.2069
5.59,27.0363
5.6,27.2479
5.61,27.5819
5.62,27.36
5.63,27.7237
5.64,27.4891
5.65,27.5229
5.66,27.4169
5.67,27.6397
5.68,27.516
5.69,27.5465
5.7,27.67
5.71,27.6691
5.72,27.7343
5.73,27.8395
5.74,27.2628
5.75,28.0807
5.76,27.8357
5.77,27.6029
5.78,27.7358
5.79,28.3308
5.8,28.0011
5.81,27.8005
5.82,28.2324
5.83,28.3825
5.84,28.4606
5.85,27.8545
5.86,28.1359
5.87,27.7678
5.88,28.3415
5.89,28.5883
5.9,28.3032
5.91,28.3708
5.92,28.5232
5.93,28.3896
5.94,28.5483
5.95,28.3704
5.96,28.3397
5.97,28.218
5.98,28.567
5.99,28.7449
6.0,28.4912
6.01,28.4813
6.02,28.728
6.03,28.2328
6.04,28.5422
6.05,28.6463
6.06,28.6412
6.07,28.9149
6.08,28.8528
6.09,28.7105
6.1,28.7779
6.11,28.8509
6.12,29.3603
6.13,28.7396
6.14,28.7929
6.15,28.9733
6.16,28.8262
6.17,28.6745
6.18,28.7043
6.19,28.8194
6.2,29.0368
6.21,29.0558
6.22,29.067
6.23,29.0938
6.24,29.0093
6.25,28.8436
6.26,28.9715
6.27,29.6225
6.28,29.6768
6.29,28.8614
6.3,29.4271
6.31,29.305
6.32,29.4725
6.33,29.1413
6.34,28.9869
6.35,29.7972
6.36,29.4798
6.37,29.4784
6.38,29.5421
6.39,29.6252
6.4,29.7753
6.41,29.6598
6.42,29.2581
6.43,29.5342
6.44,29.8609
6.45,29.5665
6.46,29.7198
6.47,29.8139
6.48,29.5739
6.49,30.0901
6.5,29.978
6.51,29.945
6.52,29.8906
6.53,29.9173
6.54,30.223
6.55,29.9736
6.56,30.3998
6.57,29.6781
6.58,30.2828
6.59,30.3284
6.6,30.3218
6.61,30.4881
6.62,29.9513
6.63,30.4195
6.64,30.1885
6.65,30.5364
6.66,30.7445
6.67,30.6087
6.68,30.2231
6.69,30.4805
6.7,30.9416
6.71,30.4963
6.72,30.1439
6.73,30.6659
6.74,30.4355
6.75,30.3995
6.76,30.4057
6.77,31.2336
6.78,30.8442
6.79,30.6516
6.8,30.9655
6.81,31.1122
6.82,30.6906
6.83,30.7757
6.84,31.0231
6.85,31.205
6.86,31.2608
6.87,30.9784
6.88,30.9506
6.89,30.9363
6.9,31.4015
6.91,31.116
6.92,31.2514
6.93,31.6673
6.94,31.3915
6.95,31.5433
6.96,31.8933
6.97,30.8967
6.98,31.3655
6.99,31.6586
7.0,137.353
7.01,31.8487
7.02,31.3316
7.03,31.6731
7.04,31.7102
7.05,32.1046
7.06,31.9428
7.07,31.8181
7.08,31.2419
7.09,32.1171
7.1,32.2663
7.11,32.1717
7.12,32.2363
7.13,31.7935
7.14,32.5064
7.15,32.5176
7.16,31.9082
7.17,32.3122
7.18,32.7196
7.19,32.4
7.2,32.7381
7.21,32.3376
7.22,32.3026
7.23,31.9506
7.24,32.429
7.25,32.4525
7.26,32.8505
7.27,32.8182
7.28,32.3613
7.29,32.5845
7.3,33.0351
7.31,32.728
7.32,32.9536
7.33,33.1191
7.34,33.2085
7.35,33.2181
7.36,33.5087
7.37,33.0574
7.38,33.1752
7.39,33.3148
7.4,33.686
7.41,33.5345
7.42,33.2646
7.43,33.5101
7.44,33.4807
7.45,33.8837
7.46,33.0732
7.47,33.9785
7.48,33.9277
7.49,34.4103
7.5,34.1804
7.51,34.1763
7.52,34.221
7.53,33.5408
7.54,33.7822
7.55,34.169
7.56,33.5224
7.57,35.5266
7.58,34.12
7.59,34.4391
7.6,34.9611
7.61,34.3796
7.62,34.1758
7.63,34.7066
7.64,34.3606
7.65,34.8239
7.66,35.1026
7.67,34.2267
7.68,35.0077
7.69,34.6424
7.7,35.289
7.71,35.3507
7.72,34.8291
7.73,35.5312
7.74,35.3202
7.75,35.6596
7.76,35.3026
7.77,35.0791
7.78,35.1167
7.79,35.521
7.8,35.7622
7.81,36.5078
7.82,36.0964
7.83,35.357
7.84,36.0596
7.85,35.7427
7.86,35.7525
7.87,35.5832
7.88,35.4536
7.89,36.2315
7.9,36.3455
7.91,35.853
7.92,36.1101
7.93,36.2293
7.94,36.3744
7.95,36.8313
7.96,35.8786
7.97,35.9939
7.98,36.6553
7.99,36.2314
8.0,36.9721
8.01,37.0006
8.02,36.78
8.03,36.9351
8.04,36.6062
8.05,36.715
8.06,36.7878
8.07,37.4776
8.08,38.1148
8.09,37.1526
8.1,37.4309
8.11,36.7747
8.12,36.8039
8.13,37.321
8.14,37.9258
8.15,37.1584
8.16,37.7574
8.17,37.1521
8.18,37.4221
8.19,38.3857
8.2,37.9841
8.21,37.7783
8.22,37.8617
8.23,38.1178
8.24,38.1272
8.25,37.8976
8.26,38.3385
8.27,38.3124
8.28,38.293
8.29,38.186
8.3,38.4258
8.31,37.6839
8.32,38.6163
8.33,38.4888
8.34,37.9571
8.35,38.2621
8.36,39.3525
8.37,38.2952
8.38,38.3066
8.39,38.1924
8.4,39.3227
8.41,39.2534
8.42,38.7333
8.43,38.5858
8.44,39.9251
8.45,39.2179
8.46,38.5625
8.47,38.7822
8.48,38.6609
8.49,39.1863
8.5,39.1986
8.51,38.4405
8.52,39.2581
8.53,39.4921
8.54,39.2901
8.55,38.877
8.56,38.8209
8.57,39.4921
8.58,39.1387
8.59,39.0693
8.6,39.8691
8.61,39.6193
8.62,39.4034
8.63,38.5772
8.64,39.1498
8.65,39.4318
8.66,40.6126
8.67,40.0923
8.68,40.4357
8.69,39.7323
8.7,39.8363
8.71,38.7537
8.72,39.1862
8.73,39.5273
8.74,39.4765
8.75,40.1266
8.76,40.1636
8.77,40.7255
8.78,40.2286
8.79,40.1472
8.8,40.4098
8.81,40.2354
8.82,40.5335
8.83,39.9421
8.84,40.2338
8.85,40.2783
8.86,40.2637
8.87,40.388
8.88,40.0513
8.89,40.3317
8.9,40.4939
8.91,40.4948
8.92,40.3213
8.93,40.093
8.94,39.9436
8.95,40.5774
8.96,39.9964
8.97,40.1189
8.98,40.5525
8.99,41.2239
9.0,41.0044
9.01,40.4188
9.02,40.9376
9.03,40.4207
9.04,40.8772
9.05,40.8801
9.06,40.7423
9.07,40.964
9.08,41.3922
9.09,40.9647
9.1,41.4016
9.11,41.021
9.12,41.1259
9.13,41.6259
9.14,41.0711
9.15,41.4558
9.16,41.6829
9.17,40.983
9.18,41.4045
9.19,41.9836
9.2,41.6105
9.21,41.7106
9.22,40.9814
9.23,41.8092
9.24,42.1932
9.25,41.3057
9.26,41.7106
9.27,41.7302
9.28,41.8485
9.29,41.4633
9.3,42.171
9.31,41.3018
9.32,41.5569
9.33,41.31
9.34,42.0222
9.35,41.508
9.36,42.2976
9.37,41.7492
9.38,41.1817
9.39,41.8107
9.4,42.4505
9.41,41.3333
9.42,42.2387
9.43,41.9269
9.44,42.1711
9.45,42.2756
9.46,41.5147
9.47,42.2326
9.48,42.148
9.49,42.2611
9.5,42.9143
9.51,41.8673
9.52,42.8109
9.53,42.1817
9.54,42.0064
9.55,42.6632
9.56,42.7855
9.57,42.3936
9.58,42.9274
9.59,42.4242
9.6,43.3135
9.61,41.982
9.62,42.6497
9.63,43.3558
9.64,42.4828
9.65,43.0212
9.66,42.7977
9.67,43.2554
9.68,42.0867
9.69,43.2884
9.7,43.7316
9.71,43.0857
9.72,43.3049
9.73,43.2005
9.74,43.6614
9.75,43.0137
9.76,43.3003
9.77,43.2611
9.78,44.2413
9.79,44.3036
9.8,43.953
9.81,43.571
9.82,43.5068
9.83,44.2313
9.84,43.9234
9.85,43.6374
9.86,44.6138
9.87,43.9137
9.88,44.1504
9.89,43.5704
9.9,44.2768
9.91,44.4396
9.92,44.0701
9.93,44.1679
9.94,43.7847
9.95,44.2783
9.96,44.3691
9.97,43.9931
9.98,44.3659
9.99,43.9808
10.0,44.8188
10.01,44.1172
10.02,44.2135
10.03,44.6484
10.04,44.2878
10.05,44.8975
10.06,44.6092
10.07,45.8274
10.08,44.8564
10.09,43.9389
10.1,44.8911
10.11,44.9449
10.12,44.5317
10.13,44.3076
10.14,43.6998
10.15,44.7492
10.16,44.1879
10.17,45.2201
10.18,45.198
10.19,44.0867
10.2,45.2537
10.21,44.5753
10.22,44.6664
10.23,44.8207
10.24,45.3499
10.25,44.4246
10.26,44.9171
10.27,44.9513
10.28,45.1524
10.29,44.8614
10.3,45.241
10.31,45.302
10.32,45.555
10.33,45.1022
10.34,44.0801
10.35,45.2342
10.36,45.3484
10.37,45.2842
10.38,45.4126
10.39,45.1569
10.4,45.9454
10.41,45.1566
10.42,45.5251
10.43,45.6962
10.44,46.1194
10.45,45.3445
10.46,45.6996
10.47,45.9987
10.48,46.8346
10.49,45.919
10.5,45.7014
10.51,45.0011
10.52,45.3528
10.53,46.0127
10.54,46.4379
10.55,45.8942
10.56,46.1074
10.57,46.8272
10.58,46.253
10.59,45.6574
10.6,46.1433
10.61,46.0439
10.62,46.0565
10.63,46.2228
10.64,46.7031
10.65,46.019
10.66,45.7679
10.67,46.2191
10.68,46.9342
10.69,45.5904
10.7,45.7473
10.71,45.6474
10.72,45.1952
10.73,45.887
10.74,45.9852
10.75,46.3321
10.76,46.6577
10.77,45.7133
10.78,46.7063
10.79,45.7913
10.8,46.2203
10.81,45.8913
10.82,46.1018
10.83,46.0037
10.84,46.2137
10.85,46.5362
10.86,45.7298
10.87,45.8169
10.88,45.7406
10.89,46.7992
10.9,46.3693
10.91,46.607
10.92,46.0521
10.93,45.1755
10.94,46.4016
10.95,46.0235
10.96,46.7674
10.97,44.9755
10.98,46.7451
10.99,45.7448
11.0,46.176
11.01,46.147
11.02,46.9515
11.03,46.2066
11.04,45.3968
11.05,46.4272
11.06,45.9806
11.07,48.0816
11.08,47.279
11.09,46.0973
11.1,46.3457
11.11,46.4933
11.12,46.7359
11.13,46.8134
11.14,46.7245
11.15,46.7435
11.16,46.9536
11.17,46.9409
11.18,47.1011
11.19,47.1691
11.2,47.0047
11.21,46.9966
11.22,47.0853
11.23,47.1879
11.24,46.922
11.25,46.5767
11.26,46.6008
11.27,46.5706
11.28,47.0763
11.29,48.0081
11.3,46.7645
11.31,46.8803
11.32,46.834
11.33,46.4029
11.34,47.7899
11.35,45.8265
11.36,46.8885
11.37,46.7587
11.38,46.2246
11.39,46.3557
11.4,47.2475
11.41,47.0263
11.42,46.2358
11.43,47.0374
11.44,46.515
11.45,46.7518
11.46,45.8896
11.47,45.8737
11.48,47.0921
11.49,46.4075
11.5,47.3844
11.51,48.0707
11.52,45.9551
11.53,46.5216
11.54,45.953
11.55,47.2048
11.56,47.0526
11.57,47.2772
11.58,46.8159
11.59,47.4206
11.6,46.506
11.61,46.7166
11.62,47.2151
11.63,48.1556
11.64,47.3201
11.65,47.4567
11.66,46.7263
11.67,47.2342
11.68,47.9103
11.69,46.1397
11.7,47.417
11.71,47.9591
11.72,48.1813
11.73,48.4409
11.74,47.8919
11.75,48.5732
11.76,48.0349
11.77,46.9011
11.78,47.1966
11.79,47.5985
11.8,48.0418
11.81,48.0438
11.82,47.8275
11.83,49.2943
11.84,48.0542
11.85,47.8622
11.86,49.1678
11.87,48.3979
11.88,48.4098
11.89,48.0282
11.9,48.0686
11.91,48.7591
11.92,48.0457
11.93,48.2321
11.94,48.1218
11.95,48.3517
11.96,48.0763
11.97,49.8332
11.98,48.6546
11.99,48.626
12.0,48.1874
12.01,47.9541
12.02,48.841
12.03,48.26
12.04,48.2512
12.05,47.8069
12.06,49.2196
12.07,49.8148
12.08,48.8792
12.09,49.1902
12.1,48.7931
12.11,48.4868
12.12,49.6826
12.13,48.3992
12.14,49.134
12.15,47.9838
12.16,48.7156
12.17,48.1099
12.18,49.7639
12.19,48.7642
12.2,48.9539
12.21,49.571
12.22,50.4415
12.23,49.5681
12.24,48.7396
12.25,48.8362
12.26,48.4132
12.27,48.674
12.28,49.0693
12.29,50.8309
12.3,50.0922
12.31,49.1211
12.32,50.5258
12.33,49.4148
12.34,48.8812
12.35,49.2742
12.36,48.1371
12.37,50.358
12.38,49.4188
12.39,51.1497
12.4,49.4232
12.41,50.4058
12.42,48.8415
12.43,49.173
12.44,50.3535
12.45,49.5834
12.46,49.9787
12.47,50.4747
12.48,50.0673
12.49,49.5099
12.5,49.9886
12.51,50.2699
12.52,50.1771
12.53,49.8186
12.54,48.9711
12.55,49.7678
12.56,49.6784
12.57,50.8209
12.58,50.4752
12.59,49.1458
12.6,49.9388
12.61,49.8969
12.62,50.1723
12.63,49.6042
12.64,48.8599
12.65,50.8467
12.66,50.4956
12.67,50.0177
12.68,50.036
12.69,50.8657
12.7,51.1285
12.71,50.3106
12.72,49.7035
12.73,51.7207
12.74,50.851
12.75,50.6334
12.76,50.2125
12.77,50.2365
12.78,51.4553
12.79,51.9719
12.8,51.2682
12.81,49.4868
12.82,48.8888
12.83,50.3648
12.84,51.4912
12.85,50.7087
12.86,51.1465
12.87,51.5764
12.88,50.12
12.89,52.4943
12.9,51.869
12.91,49.9492
12.92,51.1268
12.93,49.8582
12.94,51.9092
12.95,50.6215
12.96,51.9314
12.97,52.5413
12.98,53.1713
12.99,52.3181
13.0,52.1696
13.01,52.528
13.02,51.8881
13.03,51.6765
13.04,51.4437
13.05,51.8953
13.06,50.5871
13.07,49.8673
13.08,49.0045
13.09,52.8485
13.1,52.6489
13.11,51.3128
13.12,52.5548
13.13,51.5591
13.14,51.7664
13.15,53.6298
13.16,51.167
13.17,51.7559
13.18,52.9387
13.19,54.3046
13.2,53.9294
13.21,51.9872
13.22,51.3515
13.23,52.2751
13.24,52.9701
13.25,51.5943
13.26,51.0177
13.27,52.4549
13.28,52.7318
13.29,52.5031
13.3,52.8699
13.31,52.283
13.32,52.5388
13.33,51.0892
13.34,53.5388
13.35,51.6177
13.36,53.3065
13.37,55.3059
13.38,54.2327
13.39,51.4561
13.4,53.2109
13.41,52.3457
13.42,52.2772
13.43,53.548
13.44,54.4042
13.45,53.7967
13.46,52.7635
13.47,52.0949
13.48,54.3181
13.49,53.659
13.5,53.4869
13.51,55.2944
13.52,52.6542
13.53,53.4294
13.54,54.0827
13.55,53.8719
13.56,51.1427
13.57,54.0879
13.58,51.6798
13.59,53.9837
13.6,53.1891
13.61,52.9053
13.62,52.7644
13.63,55.093
13.64,52.6671
13.65,53.7206
13.66,51.2715
13.67,52.5434
13.68,55.0676
13.69,54.2558
13.7,54.5816
13.71,52.6461
13.72,53.459
13.73,51.865
13.74,54.495
13.75,54.1148
13.76,55.8793
13.77,52.9444
13.78,52.1792
13.79,52.4604
13.8,56.2668
13.81,55.2123
13.82,53.5121
13.83,54.3326
13.84,55.9188
13.85,53.8398
13.86,55.4613
13.87,55.1539
13.88,55.2599
13.89,54.8153
13.9,55.4734
13.91,55.1294
13.92,54.7676
13.93,54.8189
13.94,52.5101
13.95,54.9887
13.96,53.6665
13.97,55.1367
13.98,54.6099
13.99,54.0426
14.0,55.4048
14.01,56.618
14.02,53.8557
14.03,54.1783
14.04,53.9662
14.05,52.3116
14.06,53.9234
14.07,54.3233
14.08,52.8364
14.09,54.6359
14.1,55.7788
14.11,54.681
14.12,54.2152
14.13,54.2608
14.14,56.2653
14.15,55.821
14.16,55.4553
14.17,53.9889
14.18,54.1123
14.19,54.8299
14.2,56.6285
14.21,54.6881
14.22,53.0957
14.23,53.7032
14.24,54.1033
14.25,55.2137
14.26,53.7433
14.27,55.3528
14.28,54.4489
14.29,56.475
14.3,55.7272
14.31,53.0832
14.32,54.9166
14.33,56.6617
14.34,54.1236
14.35,54.5448
14.36,55.1578
14.37,56.1719
14.38,54.8799
14.39,52.4476
14.4,55.193
14.41,53.4509
14.42,54.0335
14.43,56.6458
14.44,55.3095
14.45,55.2843
14.46,56.7071
14.47,55.8458
14.48,52.7777
14.49,55.6167
14.5,56.127
14.51,57.1495
14.52,55.0989
14.53,54.7299
14.54,56.3652
14.55,56.3452
14.56,55.2529
14.57,55.9555
14.58,55.4336
14.59,56.6937
14.6,57.076
14.61,53.797
14.62,58.1738
14.63,57.807
14.64,54.0049
14.65,55.9675
14.66,54.9699
14.67,53.4688
14.68,57.1142
14.69,55.8727
14.7,57.7945
14.71,55.7286
14.72,55.4755
14.73,57.5946
14.74,56.5082
14.75,56.7169
14.76,53.9585
14.77,55.6365
14.78,56.5972
14.79,56.8213
14.8,58.254
14.81,57.7544
14.82,56.7741
14.83,57.0329
14.84,56.1794
14.85,58.1133
14.86,54.5636
14.87,57.1265
14.88,56.7695
14.89,58.6636
14.9,57.8732
14.91,57.7364
14.92,55.8112
14.93,56.6484
14.94,57.0359
14.95,56.0938
14.96,56.8
14.97,57.2252
14.98,56.969
14.99,58.2137
15.0,59.2579
15.01,57.1731
15.02,58.7319
15.03,57.8377
15.04,58.6048
15.05,57.3038
15.06,57.8727
15.07,57.1207
15.08,56.5947
15.09,56.9792
15.1,57.8018
15.11,59.5252
15.12,60.1742
15.13,57.1433
15.14,58.152
15.15,57.1671
15.16,57.3989
15.17,55.9846
15.18,59.5344
15.19,57.3115
15.2,59.1193
15.21,57.3649
15.22,59.3349
15.23,58.2541
15.24,57.6464
15.25,58.9917
15.26,59.7999
15.27,58.6528
15.28,59.0299
15.29,57.3956
15.3,60.9533
15.31,57.9695
15.32,58.6794
15.33,58.8247
15.34,59.579
15.35,60.5217
15.36,60.4573
15.37,56.1359
15.38,58.849
15.39,58.6491
15.4,60.4574
15.41,58.4115
15.42,58.2031
15.43,59.2523
15.44,59.7943
15.45,59.1552
15.46,60.0394
15.47,58.7542
15.48,59.0378
15.49,58.4055
15.5,60.8259
15.51,59.7399
15.52,60.3244
15.53,62.7819
15.54,58.6731
15.55,59.2348
15.56,59.5949
15.57,59.6019
15.58,58.6739
15.59,60.5974
15.6,60.6732
15.61,60.2101
15.62,60.0495
15.63,60.0163
15.64,60.989
15.65,60.5625
15.66,58.1047
15.67,59.3585
15.68,60.4105
15.69,58.9013
15.7,62.1014
15.71,59.9168
15.72,60.862
15.73,60.7091
15.74,61.5977
15.75,61.2599
15.76,60.4086
15.77,59.9833
15.78,60.0217
15.79,60.8084
15.8,63.6261
15.81,59.431
15.82,61.0612
15.83,62.1295
15.84,59.6724
15.85,62.3474
15.86,61.9905
15.87,61.3255
15.88,60.5879
15.89,59.5705
15.9,63.0416
15.91,61.044
15.92,63.2427
15.93,61.6234
15.94,62.1151
15.95,63.7766
15.96,62.0074
15.97,62.2129
15.98,61.4736
15.99,62.831
16.0,64.4315
16.01,60.8088
16.02,59.9501
16.03,62.8633
16.04,63.0569
16.05,61.7153
16.06,62.9382
16.07,64.9729
16.08,63.2778
16.09,62.9956
16.1,64.9944
16.11,60.9275
16.12,63.7312
16.13,62.86
16.14,62.7343
16.15,63.7692
16.16,62.6966
16.17,64.1853
16.18,62.672
16.19,62.4895
16.2,65.6283
16.21,63.8278
16.22,64.0112
16.23,63.9312
16.24,63.9232
16.25,65.2812
16.26,64.2301
16.27,65.4291
16.28,65.9451
16.29,66.358
16.3,65.9095
16.31,64.8987
16.32,67.2052
16.33,65.4151
16.34,64.5651
16.35,64.619
16.36,64.6246
16.37,64.7373
16.38,63.495
16.39,65.7216
16.4,67.1726
16.41,66.8565
16.42,65.4953
16.43,64.322
16.44,66.0599
16.45,65.6177
16.46,65.7191
16.47,66.0124
16.48,65.23
16.49,66.0769
16.5,68.1748
16.51,66.995
16.52,66.9924
16.53,67.1051
16.54,65.9566
16.55,66.1779
16.56,67.7702
16.57,66.6575
16.58,65.4641
16.59,67.5221
16.6,68.0807
16.61,67.1667
16.62,66.6885
16.63,66.6171
16.64,67.674
16.65,67.3471
16.66,65.4775
16.67,66.0091
16.68,67.8205
16.69,68.3709
16.7,68.5608
16.71,66.8907
16.72,69.2702
16.73,67.3288
16.74,67.5102
16.75,68.4186
16.76,66.6226
16.77,66.3123
16.78,68.1235
16.79,68.3726
16.8,69.3484
16.81,69.0566
16.82,67.3363
16.83,67.0651
16.84,67.9364
16.85,67.8436
16.86,66.6435
16.87,67.6339
16.88,68.7643
16.89,68.6717
16.9,68.4261
16.91,67.8672
16.92,67.605
16.93,67.9924
16.94,68.8758
16.95,68.1407
16.96,67.9721
16.97,68.004
16.98,68.9414
16.99,69.2296
17.0,69.426
17.01,69.7439
17.02,69.252
17.03,69.0082
17.04,68.5169
17.05,68.5978
17.06,69.2555
17.07,68.8555
17.08,68.7392
17.09,70.1084
17.1,69.4757
17.11,67.9514
17.12,68.4797
17.13,69.9292
17.14,69.737
17.15,69.4854
17.16,68.5781
17.17,69.2366
17.18,68.7082
17.19,69.4223
17.2,69.3046
17.21,68.2441
17.22,69.4863
17.23,69.4193
17.24,70.1795
17.25,69.2386
17.26,68.9459
17.27,69.377
17.28,69.7366
17.29,70.3333
17.3,69.2453
17.31,69.2267
17.32,70.7175
17.33,69.5636
17.34,69.1147
17.35,69.0151
17.36,70.3026
17.37,68.7404
17.38,70.5435
17.39,69.7116
17.4,69.7261
17.41,69.5442
17.42,69.774
17.43,70.8968
17.44,70.7902
17.45,69.0863
17.46,70.3619
17.47,69.1053
17.48,70.0863
17.49,70.1554
17.5,69.544
17.51,70.3672
17.52,69.6099
17.53,69.6546
17.54,69.7367
17.55,70.892
17.56,69.6954
17.57,69.6275
17.58,70.496
17.59,69.5205
17.6,69.5256
17.61,69.5953
17.62,70.3686
17.63,70.0288
17.64,69.0391
17.65,69.5876
17.66,69.1503
17.67,69.9969
17.68,69.0079
17.69,69.7639
17.7,69.7153
17.71,69.5941
17.72,70.297
17.73,70.3625
17.74,69.9708
17.75,69.8163
17.76,69.7091
17.77,68.9721
17.78,69.9732
17.79,69.7921
17.8,69.6142
17.81,68.551
17.82,70.6806
17.83,70.266
17.84,70.1059
17.85,69.3936
17.86,69.5258
17.87,69.5058
17.88,70.0389
17.89,69.4211
17.9,69.5316
17.91,70.1938
17.92,69.4384
17.93,69.7894
17.94,69.2216
17.95,69.5852
17.96,70.2223
17.97,69.5766
17.98,67.975
17.99,70.622
18.0,69.3845
18.01,68.7977
18.02,68.4529
18.03,69.9566
18.04,69.1474
18.05,69.821
18.06,69.3473
18.07,69.063
18.08,69.4937
18.09,68.5023
18.1,69.065
18.11,69.2394
18.12,70.1393
18.13,68.4082
18.14,70.1943
18.15,70.0955
18.16,69.3848
18.17,69.578
18.18,69.5123
18.19,69.7948
18.2,69.3467
18.21,68.923
18.22,69.613
18.23,69.3279
18.24,68.8589
18.25,68.7741
18.26,70.9232
18.27,68.5921
18.28,69.5165
18.29,70.642
18.3,69.4171
18.31,69.3519
18.32,68.8119
18.33,68.0485
18.34,68.8414
18.35,68.2346
18.36,69.7353
18.37,68.4383
18.38,69.6633
18.39,68.2353
18.4,69.0694
18.41,69.8723
18.42,69.1257
18.43,69.0786
18.44,70.4933
18.45,68.8144
18.46,69.2051
18.47,68.2586
18.48,69.179
18.49,68.5728
18.5,68.5721
18.51,69.8007
18.52,68.9946
18.53,69.9558
18.54,67.9135
18.55,69.2574
18.56,69.9668
18.57,68.4478
18.58,68.2979
18.59,68.8219
18.6,68.8078
18.61,69.4021
18.62,68.0264
18.63,68.3422
18.64,69.0161
18.65,68.8766
18.66,70.2384
18.67,69.949
18.68,70.7783
18.69,69.3433
18.7,68.4642
18.71,68.4686
18.72,68.6187
18.73,68.5915
18.74,69.6568
18.75,69.1748
18.76,68.585
18.77,67.9218
18.78,69.095
18.79,68.9164
18.8,68.5387
18.81,69.2381
18.82,70.3985
18.83,67.8781
18.84,68.3564
18.85,69.2887
18.86,69.7518
18.87,67.9747
18.88,67.8066
18.89,68.859
18.9,68.9956
18.91,68.4429
18.92,69.2636
18.93,68.5264
18.94,69.9008
18.95,67.3952
18.96,70.1282
18.97,69.3932
18.98,68.6253
18.99,68.3074
19.0,68.8316
19.01,67.53
19.02,68.2725
19.03,69.8997
19.04,68.7635
19.05,68.1407
19.06,69.0188
19.07,67.6162
19.08,67.9243
19.09,69.5142
19.1,69.2221
19.11,69.7491
19.12,68.4479
19.13,69.2884
19.14,66.874
19.15,67.5836
19.16,68.966
19.17,68.8478
19.18,69.2647
19.19,68.6754
19.2,69.1045
19.21,69.5667
19.22,67.9838
19.23,69.3377
19.24,70.0147
19.25,69.797
19.26,71.034
19.27,69.2916
19.28,70.2516
19.29,68.1056
19.3,69.0861
19.31,70.4925
19.32,69.2006
19.33,69.8036
19.34,69.3253
19.35,67.6395
19.36,69.8166
19.37,68.949
19.38,69.0826
19.39,68.2648
19.4,69.582
19.41,69.1492
19.42,68.2643
19.43,70.0104
19.44,71.5396
19.45,70.9236
19.46,70.7773
19.47,68.3553
19.48,68.6766
19.49,70.2633
19.5,70.039
19.51,69.769
19.52,69.4157
19.53,70.307
19.54,69.4851
19.55,68.68
19.56,69.2313
19.57,71.0882
19.58,70.2193
19.59,70.4566
19.6,69.8829
19.61,71.1146
19.62,71.3648
19.63,70.1193
19.64,72.9286
19.65,70.3515
19.66,71.374
19.67,70.0831
19.68,69.8347
19.69,68.7907
19.7,71.206
19.71,71.4343
19.72,69.4003
19.73,67.985
19.74,71.1094
19.75,71.1684
19.76,70.0938
19.77,71.9986
19.78,71.3166
19.79,69.7857
19.8,70.1852
19.81,71.8153
19.82,70.5204
19.83,71.0256
19.84,70.3276
19.85,70.3858
19.86,70.6617
19.87,71.3339
19.88,70.9061
19.89,69.1422
19.9,71.0173
19.91,68.8186
19.92,72.3392
19.93,71.5424
19.94,70.5365
19.95,71.676
19.96,70.7584
19.97,69.9485
19.98,71.2691
19.99,73.1037
20.0,71.3236
20.01,72.0711
20.02,72.4039
20.03,70.0414
20.04,70.6295
20.05,71.1257
20.06,71.8234
20.07,70.7792
20.08,72.0886
20.09,70.9802
20.1,70.9925
20.11,69.2309
20.12,70.2584
20.13,71.1955
20.14,70.7757
20.15,71.3637
20.16,71.7942
20.17,71.2136
20.18,70.1821
20.19,69.851
20.2,70.3956
20.21,69.0325
20.22,70.7322
20.23,70.0212
20.24,72.5896
20.25,72.4203
20.26,74.3758
20.27,73.6082
20.28,71.6693
20.29,72.7302
20.3,71.5418
20.31,70.052
20.32,70.1545
20.33,73.1379
20.34,70.9676
20.35,71.0012
20.36,71.4902
20.37,71.6823
20.38,70.4637
20.39,70.3452
20.4,70.9559
20.41,72.4324
20.42,70.8534
20.43,72.5225
20.44,70.454
20.45,73.1229
20.46,71.731
20.47,71.5858
20.48,70.8249
20.49,70.4402
20.5,70.9958
20.51,71.1664
20.52,71.2172
20.53,71.8365
20.54,70.5507
20.55,71.7844
20.56,71.8553
20.57,73.7691
20.58,72.7535
20.59,72.3175
20.6,70.9392
20.61,72.2776
20.62,73.2876
20.63,71.0377
20.64,73.438
20.65,71.8953
20.66,71.7946
20.67,70.6327
20.68,70.2405
20.69,71.512
20.7,70.345
20.71,70.6949
20.72,71.0244
20.73,71.0004
20.74,69.6922
20.75,71.2995
20.76,72.4597
20.77,71.1625
20.78,71.7766
20.79,75.0535
20.8,69.9413
20.81,70.5881
20.82,72.4002
20.83,70.5022
20.84,71.9276
20.85,72.765
20.86,71.9162
20.87,72.8969
20.88,69.8716
20.89,71.0902
20.9,71.2051
20.91,68.588
20.92,73.7354
20.93,72.2672
20.94,73.4321
20.95,70.9134
20.96,70.8299
20.97,73.1345
20.98,69.4256
20.99,71.5681
21.0,69.3284
21.01,70.7492
21.02,71.2308
21.03,71.6454
21.04,70.6217
21.05,71.2645
21.06,68.7982
21.07,72.5906
21.08,71.0074
21.09,71.4927
21.1,71.2883
21.11,70.249
21.12,71.025
21.13,72.3494
21.14,72.9757
21.15,71.214
21.16,71.3378
21.17,74.581
21.18,71.0591
21.19,72.2208
21.2,69.2055
21.21,70.6143
21.22,72.0766
21.23,71.4672
21.24,72.2252
21.25,70.7271
21.26,71.2045
21.27,72.6856
21.28,71.6925
21.29,73.4465
21.3,71.5101
21.31,75.2776
21.32,71.0997
21.33,71.1151
21.34,73.5411
21.35,72.5336
21.36,72.2584
21.37,72.4722
21.38,73.7165
21.39,72.79
21.4,71.355
21.41,74.2405
21.42,72.7048
21.43,73.1163
21.44,69.4451
21.45,70.1806
21.46,73.2905
21.47,71.0729
21.48,72.0476
21.49,72.4721
21.5,70.7702
21.51,69.7236
21.52,71.8715
21.53,78.036
21.54,73.0025
21.55,69.1288
21.56,71.3384
21.57,71.3002
21.58,69.8639
21.59,65.4667
21.6,72.2442
21.61,71.2985
21.62,73.8159
21.63,74.2768
21.64,75.0323
21.65,77.4143
21.66,71.0112
21.67,70.7071
21.68,75.6899
21.69,72.489
21.7,71.007
21.71,73.8073
21.72,68.2739
21.73,71.498
21.74,73.4853
21.75,72.9273
21.76,72.2696
21.77,73.0713
21.78,71.4769
21.79,71.9816
21.8,70.6733
21.81,69.9034
21.82,74.7888
21.83,73.9766
21.84,69.7059
21.85,72.8992
21.86,69.6413
21.87,72.1402
21.88,72.7013
21.89,71.4026
21.9,73.2205
21.91,70.68
21.92,73.2312
21.93,72.9906
21.94,75.2197
21.95,71.1939
21.96,73.8406
21.97,73.5785
21.98,75.5743
21.99,73.7804
22.0,74.6499
22.01,70.6594
22.02,75.215
22.03,74.4734
22.04,71.6885
22.05,71.9457
22.06,72.0151
22.07,68.8813
22.08,74.0316
22.09,72.8443
22.1,72.5596
22.11,71.2991
22.12,71.0372
22.13,76.4221
22.14,74.7704
22.15,76.0692
22.16,80.4768
22.17,71.6959
22.18,70.1549
22.19,75.3433
22.2,73.3998
22.21,71.4197
22.22,72.0563
22.23,73.4013
22.24,76.866
22.25,74.3481
22.26,72.7405
22.27,76.2923
22.28,73.1659
22.29,72.2155
22.3,72.4323
22.31,74.5313
22.32,72.7957
22.33,74.2569
22.34,71.3929
22.35,73.3452
22.36,70.6259
22.37,75.1192
22.38,72.2145
22.39,76.6133
22.4,73.7123
22.41,72.4807
22.42,74.8207
22.43,73.7808
22.44,77.8218
22.45,71.8504
22.46,73.7006
22.47,72.4614
22.48,78.276
22.49,72.7453
22.5,75.0344
22.51,70.3018
22.52,74.747
22.53,69.7428
22.54,75.9061
22.55,79.349
22.56,73.138
22.57,73.2789
22.58,72.2177
22.59,71.4655
22.6,73.9596
22.61,75.6481
22.62,77.4239
22.63,70.5867
22.64,73.3121
22.65,74.9327
22.66,75.3373
22.67,83.7578
22.68,74.8189
22.69,79.5021
22.7,73.4638
22.71,79.2938
22.72,78.8403
22.73,76.5783
22.74,75.5872
22.75,80.5614
22.76,76.3097
22.77,73.4904
22.78,75.948
22.79,69.6183
22.8,74.4223
22.81,82.1604
22.82,78.4844
22.83,75.5346
22.84,81.2811
22.85,80.6325
22.86,81.7588
22.87,77.6474
22.88,77.9577
22.89,80.1738
22.9,75.219
22.91,75.3675
22.92,80.0042
22.93,83.727
22.94,81.3952
22.95,77.7145
22.96,70.5982
22.97,76.7016
22.98,78.2773
22.99,82.5809
23.0,76.2571
23.01,79.3663
23.02,74.4934
23.03,75.6495
23.04,72.7796
23.05,74.6355
23.06,77.6496
23.07,76.5004
23.08,78.7963
23.09,78.9732
23.1,76.7947
23.11,72.55
23.12,73.5504
23.13,70.0617
23.14,75.4297
23.15,75.3175
23.16,78.52
23.17,78.64
23.18,73.6577
23.19,75.5516
23.2,80.7982
23.21,78.4192
23.22,82.2095
23.23,78.3377
23.24,76.0055
23.25,74.9537
23.26,82.04
23.27,74.4138
23.28,73.9435
23.29,79.8976
23.3,75.673
23.31,74.1593
23.32,82.2233
23.33,69.8174
23.34,81.5809
23.35,76.9596
23.36,76.9217
23.37,83.4511
23.38,79.2945
23.39,81.719
23.4,79.6967
23.41,77.2988
23.42,77.9661
23.43,75.5475
23.44,74.9709
23.45,88.23
23.46,83.6468
23.47,84.2282
23.48,86.8664
23.49,79.5358
23.5,78.2334
23.51,84.7168
23.52,80.0632
23.53,76.7868
23.54,79.1865
23.55,81.4133
23.56,78.3227
23.57,73.9685
23.58,81.7381
23.59,82.0346
23.6,80.1823
23.61,88.7586
23.62,73.9832
23.63,84.203
23.64,82.0415
23.65,76.7294
23.66,89.8361
23.67,85.1039
23.68,77.8433
23.69,75.8011
23.7,83.1509
23.71,78.0648
23.72,79.4679
23.73,87.0545
23.74,69.3371
23.75,82.0113
23.76,81.1068
23.77,73.8995
23.78,73.0478
23.79,76.5111
23.8,79.6211
23.81,96.0494
23.82,77.8505
23.83,85.389
23.84,80.8284
23.85,98.3179
23.86,83.7844
23.87,93.4695
23.88,76.9442
23.89,77.705
23.9,82.4814
23.91,88.178
23.92,82.4231
23.93,90.8717
23.94,76.0594
23.95,90.0469
23.96,80.6908
23.97,77.574
23.98,78.2265
23.99,88.496
24.0,79.351
24.01,81.1621
24.02,95.372
24.03,77.8855
24.04,67.94
24.05,76.9565
24.06,92.7264
24.07,87.1522
24.08,89.7787
24.09,86.6917
24.1,84.9266
24.11,80.9374
24.12,74.2178
24.13,89.8558
24.14,82.8573
24.15,88.6153
24.16,95.6267
24.17,83.4689
24.18,79.5093
24.19,80.7144
24.2,85.5882
24.21,71.602
24.22,79.2117
24.23,92.7695
24.24,88.2806
24.25,81.2627
24.26,87.4417
24.27,78.9844
24.28,78.4606
24.29,95.7994
24.3,81.2856
24.31,91.3843
24.32,91.728
24.33,87.0671
24.34,94.186
24.35,87.0871
24.36,80.8364
24.37,75.15
24.38,74.7044
24.39,82.3329
24.4,84.2826
24.41,92.2733
24.42,81.7008
24.43,93.2775
24.44,72.123
24.45,113.273
24.46,92.4056
24.47,82.1188
24.48,80.9847
24.49,89.0181
24.5,84.1432
24.51,85.9687
24.52,77.8494
24.53,77.551
24.54,90.9856
24.55,84.9443
24.56,99.1935
24.57,86.6388
24.58,108.1
24.59,75.7469
24.6,83.3098
24.61,89.825
24.62,88.8525
24.63,81.825
24.64,82.5336
24.65,69.2507
24.66,78.325
24.67,85.73
24.68,89.3293
24.69,93.6553
24.7,85.0713
24.71,89.3079
24.72,86.9008
24.73,78.5333
24.74,91.5369
24.75,81.9841
24.76,73.477
24.77,91.14
24.78,90.1193
24.79,81.99
24.8,86.9368
24.81,93.9962
24.82,79.4367
24.83,82.0746
24.84,98.0412
24.85,81.1573
24.86,79.0292
24.87,78.8229
24.88,78.01
24.89,83.7781
24.9,85.2727
24.91,97.79
24.92,94.3291
24.93,77.4889
24.94,89.1273
24.95,79.4221
24.96,92.8225
24.97,85.7309
24.98,87.497
24.99,82.3445
25.0,86.8471
25.01,68.1975
25.02,88.695
25.03,89.5806
25.04,103.305
25.05,91.3291
25.06,83.9291
25.07,80.575
25.08,77.0831
25.09,96.8114
25.1,87.4795
25.11,92.3954
25.12,77.28
25.13,82.1387
25.14,79.2061
25.15,81.7031
25.16,88.5431
25.17,88.1461
25.18,79.5773
25.19,94.9786
25.2,84.7322
25.21,75.82
25.22,87.265
25.23,94.8192
25.24,101.836
25.25,88.6805
25.26,80.4173
25.27,95.3938
25.28,92.0807
25.29,89.1157
25.3,86.8347
25.31,87.8145
25.32,87.4183
25.33,77.3367
25.34,76.4062
25.35,77.6856
25.36,80.0679
25.37,90.5538
25.38,84.166
25.39,92.5483
25.4,91.5482
25.41,88.5087
25.42,88.7862
25.43,89.9569
25.44,88.033
25.45,109.484
25.46,91.8757
25.47,81.0982
25.48,84.7536
25.49,88.343
25.5,84.0576
25.51,81.5177
25.52,87.5779
25.53,81.415
25.54,78.7045
25.55,105.477
25.56,105.187
25.57,99.518
25.58,75.6909
25.59,90.2608
25.6,89.1042
25.61,86.672
25.62,83.2042
25.63,89.233
25.64,83.4983
25.65,91.9069
25.66,87.2262
25.67,85.2538
25.68,85.0414
25.69,88.7073
25.7,94.354
25.71,75.2653
25.72,106.225
25.73,84.0922
25.74,78.6314
25.75,82.43
25.76,81.6033
25.77,87.5564
25.78,82.6486
25.79,89.1558
25.8,85.7414
25.81,91.5764
25.82,80.0843
25.83,99.691
25.84,90.73
25.85,72.2958
25.86,100.412
25.87,90.5754
25.88,98.662
25.89,106.248
25.9,87.963
25.91,92.4686
25.92,80.3862
25.93,82.3855
25.94,81.8942
25.95,93.6931
25.96,80.2764
25.97,93.5335
25.98,86.5312
25.99,116.698
26.0,86.4238
26.01,84.8083
26.02,95.109
26.03,101.007
26.04,87.0755
26.05,85.5023
26.06,84.7017
26.07,88.2427
26.08,78.31
26.09,100.438
26.1,86.7035
26.11,91.4287
26.12,100.364
26.13,89.28
26.14,93.6011
26.15,83.6462
26.16,85.8211
26.17,92.3324
26.18,86.6824
26.19,82.8185
26.2,86.0667
26.21,86.4485
26.22,91.2125
26.23,82.251
26.24,87.94
26.25,86.63
26.26,81.1909
26.27,108.988
26.28,86.9417
26.29,71.2124
26.3,89.2865
26.31,85.2033
26.32,92.331
26.33,85.5391
26.34,88.3708
26.35,80.8489
26.36,90.123
26.37,91.4225
26.38,81.1671
26.39,91.765
26.4,86.1117
26.41,91.245
26.42,80.7423
26.43,89.38
26.44,87.2517
26.45,88.7527
26.46,88.774
26.47,81.1562
26.48,95.6782
26.49,90.7929
26.5,89.3166
26.51,87.734
26.52,91.7562
26.53,89.7631
26.54,82.42
26.55,87.6167
26.56,87.5308
26.57,90.5253
26.58,92.5205
26.59,88.7436
26.6,91.5413
26.61,85.1357
26.62,93.4446
26.63,142.45
26.64,94.0318
26.65,89.6479
26.66,86.8294
26.67,87.0989
26.68,77.9571
26.69,84.0761
26.7,86.3279
26.71,89.8417
26.72,91.1558
26.73,87.6062
26.74,88.7122
26.75,87.923
26.76,93.8
26.77,71.7348
26.78,87.6777
26.79,96.912
26.8,89.2909
26.81,84.97
26.82,89.7064
26.83,102.544
26.84,84.3586
26.85,79.754
26.86,91.9168
26.87,94.4256
26.88,107.565
26.89,95.7385
26.9,85.7054
26.91,108.958
26.92,95.1889
26.93,89.8647
26.94,98.6521
26.95,82.9633
26.96,92.2987
26.97,98.0229
26.98,83.6973
26.99,96.2543
27.0,89.1625
27.01,93.2636
27.02,87.9723
27.03,81.7477
27.04,80.1591
27.05,92.0321
27.06,80.8387
27.07,94.9517
27.08,89.291
27.09,78.7959
27.1,93.7476
27.11,90.4927
27.12,90.716
27.13,85.9227
27.14,85.9041
27.15,85.3837
27.16,95.3594
27.17,91.402
27.18,77.443
27.19,88.4253
27.2,89.6053
27.21,87.2683
27.22,100.127
27.23,89.6967
27.24,88.3095
27.25,93.3733
27.26,89.7218
27.27,86.6444
27.28,85.1267
27.29,93.9415
27.3,89.1011
27.31,87.472
27.32,117.795
27.33,86.1687
27.34,98.1125
27.35,95.4292
27.36,104.184
27.37,87.84
27.38,94.3414
27.39,88.2992
27.4,95.8749
27.41,84.3873
27.42,90.9614
27.43,84.475
27.44,86.0483
27.45,97.6833
27.46,108.176
27.47,96.6544
27.48,99.172
27.49,98.2033
27.5,89.8131
27.51,98.651
27.52,78.9121
27.53,88.6892
27.54,88.445
27.55,96.09
27.56,126.16
27.57,86.31
27.58,92.014
27.59,89.2223
27.6,90.0305
27.61,95.8742
27.62,86.41
27.63,85.4311
27.64,92.6927
27.65,92.1936
27.66,99.9044
27.67,91.2221
27.68,93.8322
27.69,81.1982
27.7,90.565
27.71,98.57
27.72,86.7518
27.73,85.8578
27.74,92.6431
27.75,83.83
27.76,95.8533
27.77,88.6775
27.78,89.6773
27.79,78.6513
27.8,87.6221
27.81,98.3937
27.82,80.7125
27.83,101.968
27.84,94.5832
27.85,75.5146
27.86,84.6714
27.87,108.866
27.88,83.3667
27.89,87.1431
27.9,86.5162
27.91,99.4038
27.92,95.3231
27.93,93.2295
27.94,96.4745
27.95,80.7627
27.96,83.6083
27.97,93.7291
27.98,104.135
27.99,89.4183
28.0,84.6265
28.01,77.994
28.02,87.3308
28.03,83.5483
28.04,101.702
28.05,96.1013
28.06,74.8467
28.07,88.8178
28.08,81.6429
28.09,91.9408
28.1,90.6286
28.11,86.5567
28.12,111.371
28.13,79.83
28.14,94.018
28.15,88.0662
28.16,79.858
28.17,90.875
28.18,91.23
28.19,100.834
28.2,81.7656
28.21,82.92
28.22,88.2137
28.23,97.1686
28.24,77.9491
28.25,84.2723
28.26,89.378
28.27,89.0914
28.28,81.5919
28.29,79.2964
28.3,83.552
28.31,79.31
28.32,117.935
28.33,85.295
28.34,79.872
28.35,95.9408
28.36,89.3831
28.37,89.5415
28.38,81.6122
28.39,84.2341
28.4,86.4677
28.41,79.9518
28.42,90.7769
28.43,82.411
28.44,77.4069
28.45,78.415
28.46,82.31
28.47,86.377
28.48,85.8433
28.49,92.98
28.5,91.4925
28.51,79.307
28.52,81.3383
28.53,74.7225
28.54,98.6325
28.55,84.7778
28.56,107.952
28.57,83.88
28.58,90.5642
28.59,76.2775
28.6,94.1121
28.61,92.7018
28.62,93.8153
28.63,85.6473
28.64,68.0775
28.65,68.125
28.66,76.526
28.67,108.143
28.68,81.845
28.69,102.739
28.7,94.3861
28.71,97.7027
28.72,107.92
28.73,85.53
28.74,95.4455
28.75,79.1533
28.76,84.05
28.77,95.9356
28.78,106.727
28.79,94.3918
28.8,84.3815
28.81,84.0355
28.82,96.7243
28.83,93.2925
28.84,80.8775
28.85,86.1286
28.86,86.0158
28.87,86.1618
28.88,91.5835
28.89,98.047
28.9,94.7391
28.91,91.3414
28.92,95.16
28.93,84.8718
28.94,80.645
28.95,109.943
28.96,91.0188
28.97,95.2633
28.98,88.6117
28.99,87.046
29.0,92.3871
29.01,95.4208
29.02,92.937
29.03,87.292
29.04,100.08
29.05,82.1412
29.06,97.9967
29.07,101.56
29.08,92.8436
29.09,76.8975
29.1,86.2321
29.11,96.319
29.12,87.4956
29.13,96.105
29.14,88.468
29.15,114.98
29.16,110.607
29.17,147.34
29.18,102.726
29.19,96.912
29.2,106.786
29.21,102.64
29.22,121.488
29.23,112.828
29.24,104.761
29.25,101.778
29.26,105.501
29.27,90.36
29.28,95.5533
29.29,99.565
29.3,103.773
29.31,102.071
29.32,104.947
29.33,75.4322
29.34,82.7183
29.35,137.66
29.36,108.435
29.37,103.606
29.38,102.255
29.39,86.6
29.4,98.7303
29.41,74.5733
29.42,128.66
29.43,91.0471
29.44,86.2317
29.45,89.45
29.46,108.113
29.47,109.522
29.48,77.856
29.49,96.0245
29.5,91.0303
29.51,103.362
29.52,81.2533
29.53,82.36
29.54,95.1543
29.55,105.932
29.56,104.262
29.57,104.383
29.58,91.3733
29.59,108.087
29.6,85.87
29.61,75.355
29.62,116.3
29.63,87.948
29.64,113.045
29.65,73.7578
29.66,104.324
29.67,46.585
29.68,97.33
29.69,108.171
29.7,103.987
29.71,88.6017
29.72,140.978
29.73,102.213
29.74,93.9087
29.75,80.26
29.76,131.864
29.77,85.62
29.78,146.835
29.79,89.756
29.8,117.179
29.81,94.16
29.82,80.1717
29.83,74.8
29.84,94.08
29.85,104.231
29.86,86.88
29.87,110.785
29.88,104.61
29.89,113.76
29.9,94.698
29.91,131.675
29.92,85.69
29.93,99.264
29.94,96.07
29.95,94.78
29.96,117.497
29.97,116.18
29.98,105.463
29.99,115.264
30.0,107.407
30.01,122.8
30.02,109.45
30.03,66.7367
30.04,87.0533
30.05,108.216
30.06,116.583
30.07,78.7125
30.08,79.1475
30.09,79.726
30.1,110.917
30.11,92.3
30.12,106.167
30.13,73.7
30.14,91.86
30.15,89.2317
30.16,92.964
30.17,95.6112
30.18,120.092
30.19,164.888
30.2,92.0896
30.21,112.25
30.22,182.9
30.23,112.86
30.24,113.035
30.25,113.62
30.26,130.753
30.27,119.41
30.28,125.034
30.29,121.47
30.3,108.967
30.31,105.61
30.32,111.895
30.33,118.653
30.34,93.54
30.35,109.676
30.36,97.3
30.37,109.48
30.38,102.497
30.39,99.515
30.4,120.721
30.41,88.6683
30.42,108.938
30.43,109.558
30.44,122.137
30.45,119.947
30.46,118.84
30.47,139.25
30.48,126.103
30.49,94.64
30.5,107.279
30.51,101.3
30.52,117.74
30.53,117.014
30.54,104.011
30.55,101.646
30.56,106.616
30.57,76.61
30.58,114.607
30.59,120.742
30.6,116.204
30.61,118.032
30.62,118.01
30.63,70.69
30.64,96.7571
30.65,118.48
30.66,97.7525
30.67,141.318
30.68,120.153
30.69,95.1586
30.7,104.575
30.71,103.966
30.72,109.37
30.73,128.573
30.74,94.632
30.75,114.295
30.76,97.13
30.77,79.4417
30.78,116.55
30.79,59.8
30.8,119.791
30.81,100.462
30.83,160.8
30.84,180.04
30.85,123.113
30.86,72.4733
30.87,91.92
30.88,79.295
30.89,149.175
30.9,111.22
30.91,86.3
30.92,80.125
30.93,135.3
30.94,143.76
30.95,146.41
30.96,176.175
30.97,95.46
30.98,108.896
30.99,107.628
31.0,119.538
31.01,107.377
31.02,104.734
31.03,86.74
31.04,129.99
31.05,122.367
31.06,88.8
31.07,97.54
31.08,130.585
31.09,103.94
31.1,137.817
31.11,123.775
31.12,104.733
31.13,171.653
31.14,119.877
31.15,116.287
31.16,95.86
31.17,128.105
31.18,131.867
31.2,122.428
31.21,120.365
31.22,134.353
31.23,110.243
31.24,106.585
31.25,117.488
31.26,123.64
31.27,109.38
31.28,143.02
31.29,109.23
31.3,134.775
31.31,115.36
31.32,123.6
31.33,105.4
31.34,159.38
31.35,121.42
31.36,122.07
31.37,149.757
31.38,97.3
31.39,95.7875
31.4,109.496
31.41,107.673
31.42,120.907
31.43,101.093
31.44,127.64
31.45,130.17
31.46,99.42
31.47,124.42
31.48,199.775
31.49,113.566
31.5,111.612
31.51,107.654
31.52,113.4
31.53,142.15
31.54,128.684
31.55,105.28
31.56,111.773
31.57,145.305
31.58,115.24
31.59,147.775
31.6,148.447
31.61,116.445
31.63,108.755
31.64,119.513
31.65,128.545
31.67,149.4
31.68,144.437
31.69,115.407
31.7,137.662
31.71,155.367
31.72,151.78
31.73,123.482
31.74,90.36
31.75,131.042
31.76,158.375
31.77,157.63
31.78,126.115
31.79,135.007
31.8,108.288
31.81,141.59
31.82,164.83
31.83,113.11
31.84,141.157
31.85,104.52
31.86,132.193
31.87,111.51
31.88,123.432
31.89,79.65
31.9,128.04
31.91,121.92
31.92,140.855
31.93,121.2
31.94,132.46
31.95,137.92
31.96,112.1
31.97,137.42
31.99,111.39
32.0,134.411
32.01,137.133
32.02,111.15
32.03,157.45
32.04,148.8
32.05,195.967
32.06,106.98
32.07,136.92
32.08,127.323
32.09,133.3
32.1,98.9145
32.11,113.67
32.12,116.632
32.13,61.42
32.14,119.42
32.15,109.42
32.16,129.59
32.17,103.15
32.18,145.91
32.19,86.73
32.2,126.658
32.21,115.92
32.22,152.835
32.23,120.65
32.24,123.744
32.25,163.935
32.26,93.67
32.27,0
32.28,108.064
32.29,117.47
32.3,121.922
32.31,178.547
32.33,116.188
32.34,137.8
32.35,160.21
32.36,121.993
32.37,127.735
32.38,126.08
32.39,95.98
32.4,127.761
32.41,103.307
32.42,160.605
32.43,145.907
32.44,124.332
32.45,119.8
32.46,135.608
32.47,123.637
32.48,130.95
32.49,136.233
32.5,133.958
32.51,136.33
32.52,128.785
32.53,130.007
32.54,166.42
32.55,128.98
32.56,89.8
32.57,160.56
32.58,131.36
32.59,99.485
32.6,143.598
32.62,129.868
32.63,116.94
32.64,121.67
32.66,87.3
32.67,152.814
32.68,138.13
32.69,141.6
32.7,128.442
32.71,135.92
32.72,105.8
32.73,139.467
32.74,131.377
32.75,150.73
32.77,140.012
32.78,143.94
32.79,99.92
32.8,127.553
32.81,131.507
32.82,145.33
32.83,91.8
32.84,146.77
32.85,184.873
32.86,115.1
32.87,157.42
32.88,122.3
32.89,166.72
32.9,128.549
32.91,120.1
32.92,141.92
32.93,125.36
32.94,123.61
32.95,125.708
32.96,148.46
32.97,151.523
32.98,112.25
32.99,159.515
33.0,133.25
33.01,125.42
33.02,148.86
33.03,142.79
33.04,133.087
33.05,152.36
33.06,142.148
33.07,167.36
33.08,97.9475
33.09,99.42
33.1,129.942
33.11,146.487
33.12,103.05
33.13,146.887
33.14,130.773
33.15,124.92
33.16,153.683
33.17,133.75
33.18,166.46
33.19,163.63
33.2,111.79
33.21,136.713
33.22,128.02
33.23,132.12
33.24,181.235
33.25,168.86
33.27,120.41
33.29,122.42
33.3,129.734
33.34,182.8
33.35,165.98
33.36,117.001
33.37,163.24
33.38,117.953
33.39,155.36
33.4,122.43
33.41,134.42
33.42,122.827
33.43,129.61
33.44,126.3
33.45,136.627
33.46,118.36
33.47,123.42
33.49,134.028
33.5,144.535
33.52,136.83
33.53,163.1
33.54,127.713
33.57,134.8
33.58,180.687
33.59,140.8
33.6,163.135
33.61,170.52
33.62,113.06
33.63,132.015
33.65,117.073
33.66,143.46
33.67,139.262
33.68,107.175
33.69,214.58
33.7,137.587
33.71,144.1
33.73,143.49
33.74,107.634
33.75,119.9
33.76,164.3
33.77,113.9
33.78,61.94
33.79,155.68
33.8,150.569
33.81,154.8
33.82,83.15
33.83,65.92
33.85,129.41
33.86,151.2
33.87,100.92
33.88,149.02
33.9,144.992
33.91,205.9
33.92,104.67
33.93,91.6833
33.94,90.3
33.95,104.42
33.96,118.133
33.97,160.16
33.98,140.435
33.99,116.98
34.0,126.147
34.01,194.16
34.02,239.9
34.03,116.605
34.04,128.42
34.05,144.04
34.07,142.227
34.08,167.335
34.09,166.74
34.1,128.488
34.11,185.15
34.12,135.8
34.13,78.6683
34.15,116.3
34.16,175.42
34.18,102.702
34.2,121.8
34.21,61.42
34.22,188.3
34.23,100.3
34.24,160.8
34.25,121.8
34.27,100.8
34.29,173.547
34.3,107.843
34.31,117.75
34.32,86.39
34.33,106.54
34.34,159.89
34.35,187.67
34.36,265.32
34.37,113.25
34.4,134.697
34.41,146.92
34.42,146.27
34.43,174.96
34.44,84.5
34.45,119.42
34.46,210.67
34.47,193.93
34.48,118.355
34.49,132.54
34.5,148.682
34.52,158.8
34.53,165.86
34.54,98.3
34.55,219.36
34.58,124.69
34.59,204.92
34.6,123.087
34.62,112.293
34.64,79.1
34.65,91.8
34.66,74.0067
34.67,134.325
34.68,115.767
34.7,136.833
34.71,132.29
34.72,126.275
34.73,135.583
34.74,136.04
34.75,165.42
34.76,158.27
34.77,116.904
34.78,165.36
34.79,61.42
34.8,136.873
34.82,142.336
34.83,125.92
34.84,144.795
34.85,115.3
34.88,61.42
34.89,153.745
34.9,142.238
34.92,136.06
34.93,37.4167
34.94,125.9
34.95,116.54
34.96,140.04
34.97,117.217
34.98,176.98
34.99,139.04
35.0,127.357
35.01,61.42
35.03,71.89
35.04,160.202
35.05,115.983
35.08,76.78
35.09,147.607
35.1,139.565
35.12,136.863
35.13,149.7
35.14,139.16
35.15,127.11
35.16,133.15
35.17,146.185
35.18,105.92
35.19,178.485
35.2,180.653
35.21,205.3
35.22,111.3
35.23,127.7
35.25,134.933
35.26,163.475
35.27,146.305
35.28,-112.25
35.29,166.912
35.3,154.887
35.31,193.03
35.32,145.385
35.33,145.63
35.34,112.25
35.35,121.657
35.37,162.56
35.39,155.3
35.4,135.551
35.41,122.835
35.42,175.2
35.43,121.7
35.44,129.39
35.45,107.54
35.47,118.707
35.49,188.75
35.5,133.772
35.52,169.86
35.53,131.6
35.55,143.86
35.56,131.42
35.57,109.12
35.58,173.363
35.59,159.92
35.6,143.379
35.61,150.945
35.62,176.04
35.63,163.42
35.64,91.5967
35.65,202.85
35.66,130.92
35.67,116.645
35.68,159.92
35.7,151.188
35.71,154.71
35.73,128.33
35.74,138.04
35.78,155.55
35.79,146.42
35.8,142.935
35.81,145.1
35.82,143.04
35.83,176.35
35.84,202.26
35.85,147.75
35.86,102.92
35.87,172.145
35.88,134.345
35.9,130.92
35.91,135.06
35.92,245.8
35.93,222.42
35.94,134.845
35.96,160.19
35.97,136.92
35.98,113.336
36.0,169.706
36.01,193.8
36.03,160.46
36.04,485.42
36.05,126.875
36.06,165.792
36.07,134.16
36.08,180.36
36.09,151.23
36.1,145.246
36.12,178.315
36.13,65.92
36.14,201.92
36.16,165.79
36.17,157.62
36.19,148.79
36.2,159.771
36.21,150.31
36.22,179.677
36.23,116.587
36.24,158.04
36.25,153.299
36.26,156.617
36.27,152.52
36.28,139.213
36.29,136.23
36.3,133.639
36.31,124.19
36.32,143.415
36.33,0
36.34,141.46
36.35,214.92
36.36,143.082
36.37,127.04
36.38,160.8
36.4,145.131
36.42,183.03
36.43,123.39
36.44,103.3
36.45,174.3
36.46,178.58
36.47,146.25
36.48,178.54
36.49,104.8
36.5,153.641
36.51,151.175
36.52,151.195
36.54,144.04
36.55,156.352
36.56,169.25
36.57,121.54
36.58,198.025
36.59,140.8
36.6,156.224
36.61,167.937
36.62,159.8
36.63,153.78
36.64,127.92
36.65,109.8
36.66,162.585
36.67,187.127
36.68,71.89
36.7,135.995
36.71,140.925
36.72,108.42
36.75,157.66
36.76,174.5
36.77,140.2
36.78,173.375
36.79,32.96
36.8,144.335
36.81,151.86
36.84,156.17
36.85,133.67
36.86,181.545
36.87,171.65
36.88,164.497
36.89,164.667
36.9,148.944
36.91,188.923
36.92,153.608
36.94,169.545
36.95,134.587
36.96,127.47
36.97,190.512
36.99,156.745
37.0,156.575
37.01,141.79
37.02,173.45
37.03,159.583
37.04,55.3
37.06,163.086
37.08,134.447
37.09,151.68
37.1,164.198
37.11,141.04
37.12,212.635
37.14,152.04
37.15,135.29
37.16,131.45
37.17,168.05
37.18,146.54
37.19,222.65
37.2,157.775
37.21,137.475
37.22,175.85
37.23,141.805
37.25,35.4733
37.26,66.36
37.29,145.977
37.3,140.511
37.31,175.8
37.33,137.54
37.34,146.135
37.35,145.44
37.36,172.85
37.37,241.92
37.38,177.07
37.39,140.49
37.4,136.255
37.42,0
37.43,162.9
37.44,130.67
37.45,167.297
37.46,155.74
37.47,125.17
37.48,149.99
37.49,148.04
37.5,151.857
37.52,168.4
37.53,181.76
37.54,104.3
37.56,160.54
37.57,124.445
37.58,123.98
37.59,258.36
37.6,158.68
37.61,159.35
37.63,132.823
37.64,142.54
37.65,154.03
37.66,209.485
37.67,200.9
37.68,143.54
37.69,158.92
37.7,143.338
37.72,132.325
37.73,137.35
37.74,117.8
37.75,166.46
37.76,263.5
37.77,177.8
37.78,150.04
37.79,174.05
37.8,61.975
37.81,100.3
37.82,162.92
37.83,145.92
37.84,217.17
37.85,190.92
37.86,113.04
37.87,120.04
37.9,92.8514
37.92,156.753
37.93,157.23
37.94,166.7
37.95,166.92
37.96,114.54
37.98,177.3
38.0,167.327
38.01,160.3
38.02,105.98
38.04,160.04
38.06,118.54
38.07,111.98
38.08,170.173
38.09,148.695
38.1,175.333
38.11,148.54
38.12,158.92
38.14,196.56
38.17,169.07
38.18,118.04
38.19,113.04
38.2,102.885
38.21,114.04
38.22,119.747
38.23,115.54
38.24,63.96
38.26,168.37
38.3,165.211
38.32,153.165
38.33,146.527
38.34,142.127
38.35,114.04
38.36,155.23
38.37,157.26
38.38,222.96
38.39,113.04
38.4,175.545
38.42,111.8
38.43,156.375
38.44,186.985
38.45,112.55
38.46,166.58
38.47,153.373
38.48,160.187
38.49,158.197
38.5,160.677
38.51,136.4
38.55,203.56
38.56,162.545
38.57,155.08
38.6,156.322
38.61,184.99
38.64,189.8
38.65,138.54
38.67,186.185
38.68,185.12
38.69,118.04
38.7,157.817
38.72,173.92
38.74,143.43
38.78,171
38.79,117.75
38.8,138.995
38.81,128.54
38.83,118.04
38.84,105.3
38.86,213.703
38.87,159.42
38.9,145.61
38.91,173.327
38.92,100.335
38.93,176.73
38.95,159.67
38.96,141.92
38.97,198.673
38.99,117.42
39.0,160.154
39.01,161.33
39.02,128.54
39.03,147.04
39.04,160.34
39.05,105.3
39.06,226.56
39.07,308.42
39.1,143.08
39.12,206.92
39.13,260.3
39.16,154.3
39.19,125.873
39.2,147.52
39.21,207.92
39.22,118.04
39.23,115.04
39.24,117.04
39.25,207.3
39.26,169.42
39.27,167.9
39.28,164.92
39.29,175.1
39.3,166.558
39.36,189.575
39.38,196.8
39.39,120.54
39.4,174.73
39.41,65.92
39.42,175.42
39.43,103.86
39.45,205.8
39.46,187.1
39.47,261.15
39.49,118.71
39.5,179.543
39.52,182.92
39.53,170.8
39.54,240.96
39.56,112.51
39.6,177.11
39.62,111.3
39.63,102.42
39.64,143.04
39.65,146.3
39.66,150.3
39.68,208.56
39.69,168.485
39.7,162.873
39.73,99.6
39.74,269.55
39.76,136.92
39.8,167.02
39.81,197.92
39.83,135.04
39.84,143.54
39.85,180.7
39.87,157.54
39.88,125.42
39.9,179.92
39.91,152.04
39.99,65.92
40.0,171.88
40.02,178.04
40.06,354.8
40.07,202.745
40.09,137.86
40.1,124.94
40.11,151.92
40.13,147.92
40.14,183.8
40.15,188.64
40.16,172.8
40.18,282.5
40.2,218.765
40.21,129.82
40.24,133.143
40.25,111.05
40.27,180.75
40.28,160.275
40.29,139.04
40.3,82.964
40.31,169.92
40.33,179.76
40.34,163.42
40.35,186.05
40.36,128.8
40.39,188.9
40.4,138.92
40.41,179.45
40.42,167.42
40.43,126.69
40.44,150.595
40.46,107.8
40.47,216.05
40.5,124.81
40.51,180.167
40.52,196.92
40.54,211.86
40.55,207.7
40.57,65.92
40.58,243.96
40.6,151.046
40.61,205.92
40.62,110.8
40.63,109.73
40.67,176.3
40.68,116.42
40.69,158.8
40.7,100.783
40.72,113.42
40.75,233.36
40.77,139.54
40.78,170.92
40.79,443.3
40.8,179.21
40.85,235.85
40.86,142.54
40.87,204.267
40.9,130.154
40.91,126.94
40.93,109.3
40.98,121.935
41.0,167.314
41.01,153.3
41.02,168.8
41.04,160.38
41.06,136.92
41.08,203.8
41.09,158.73
41.1,119.12
41.15,136.06
41.18,209.2
41.2,95.42
41.23,195.55
41.24,112.3
41.25,173.8
41.26,169.745
41.3,196.675
41.33,233.9
41.35,195.1
41.37,252.3
41.38,210.65
41.4,161.913
41.42,385.8
41.43,164.3
41.44,125.8
41.45,271.92
41.48,238.1
41.5,181.897
41.52,284.42
41.53,264.8
41.55,203.8
41.58,324.05
41.59,134.04
41.6,186.68
41.61,142.4
41.63,187.75
41.67,179.42
41.69,141.54
41.7,190.938
41.71,202.48
41.78,195.36
41.8,162.67
41.83,50.3
41.86,205.3
41.88,152.42
41.9,113.8
41.91,237.96
41.92,168.92
41.93,111.3
41.96,150.98
41.97,286.42
41.98,157.42
42.0,199.433
42.01,178.92
42.04,262.7
42.05,164.8
42.07,58.92
42.09,163.367
42.1,128.86
42.11,274.7
42.13,127.54
42.14,219.5
42.15,275.8
42.16,237.5
42.17,165.65
42.18,154.04
42.19,139.8
42.2,205.35
42.21,219.5
42.26,149.42
42.28,167.42
42.29,195.92
42.3,401.557
42.32,186.447
42.34,155.42
42.36,167.6
42.39,202.9
42.4,183.3
42.45,154.4
42.46,265.04
42.47,158.92
42.5,6.43
42.55,197.3
42.6,176.542
42.61,181.25
42.62,150.8
42.65,210.65
42.66,201.65
42.7,146.227
42.72,197.397
42.74,189.36
42.75,211.3
42.76,393.04
42.77,161.42
42.81,195.5
42.9,157.36
42.91,245.7
42.97,187.42
43.0,195.7
43.02,214.61
43.09,184.45
43.1,199.92
43.11,193.92
43.13,198.3
43.17,322.7
43.2,184.89
43.21,174.92
43.27,158.16
43.3,141.3
43.33,180.42
43.36,162.07
43.39,144.66
43.4,225.207
43.41,142.7
43.49,242.3
43.5,249.04
43.58,61.42
43.59,205.92
43.6,210.678
43.67,106.42
43.68,204.3
43.69,185.3
43.7,176.54
43.72,130.42
43.74,129.04
43.78,265.3
43.79,280.56
43.8,154.48
43.81,216.62
43.84,179.61
43.86,197.55
43.88,257.88
43.9,206.92
43.95,232.42
43.96,231.42
44.0,210.33
44.04,260.04
44.05,235.54
44.06,61.42
44.07,218.92
44.1,164.19
44.11,191.45
44.16,203.17
44.2,207.353
44.21,229.2
44.22,213.8
44.25,140.8
44.3,134.3
44.36,185.75
44.37,202.285
44.4,155.142
44.42,263.54
44.45,195.42
44.5,175.335
44.53,192.79
44.54,225.8
44.58,179.79
44.6,181.547
44.64,237.5
44.66,154.54
44.7,168.343
44.73,223.98
44.77,191.17
44.79,153.02
44.8,164.8
44.83,156.92
44.84,193.92
44.86,248.3
44.9,142.73
44.91,271.04
44.92,193.86
44.95,143.04
44.98,189.54
44.99,194.54
45.0,233.353
45.01,350.3
45.02,170.92
45.04,156.04
45.05,211.3
45.07,203.14
45.1,140.931
45.11,186.5
45.13,141.36
45.15,206.42
45.2,182.55
45.22,169.92
45.25,85.12
45.27,215.92
45.3,183.92
45.33,219.55
45.4,203.32
45.42,225.04
45.45,195.61
45.47,258.5
45.53,253.11
45.57,198.8
45.6,131.8
45.61,266.24
45.62,275.54
45.64,239.79
45.65,187.54
45.66,187.54
45.7,143.593
45.71,139.8
45.78,0
45.8,194.92
45.85,187.42
45.86,228.54
45.87,309.05
45.89,194.92
45.9,219.617
46.0,255.136
46.04,206.92
46.07,163.42
46.08,260.42
46.09,73.7
46.1,144.97
46.11,206.92
46.15,193.92
46.17,123.3
46.18,177.8
46.2,178.353
46.25,155.6
46.26,192.8
46.29,148.04
46.3,221.428
46.31,73.3
46.32,126.8
46.37,211.1
46.4,294.35
46.44,137.12
46.45,232.56
46.46,216.15
46.48,205.92
46.49,122.3
46.5,183.355
46.52,223.54
46.55,223.04
46.58,82.8
46.59,156.92
46.6,142.225
46.62,168.04
46.68,189.3
46.71,223.54
46.72,307.42
46.73,163.473
46.76,312.04
46.8,150.3
46.82,212.92
46.83,150.3
46.9,260.123
46.97,337.775
46.99,254.3
47.02,206.42
47.07,141.8
47.09,303.3
47.1,74.0467
47.11,289.04
47.12,223.67
47.16,216.92
47.17,344.3
47.2,128.69
47.24,244.9
47.26,154.7
47.34,121.8
47.4,228.252
47.41,250.9
47.43,359.45
47.51,240.96
47.56,150.04
47.6,215.3
47.67,250.3
47.68,123.36
47.7,125.3
47.74,289.25
47.75,193.92
47.76,203.3
47.79,189.54
47.8,225.753
47.84,226.1
47.87,256.92
47.9,233.01
47.95,202.92
47.98,228.7
48.0,219.178
48.15,300.96
48.2,210.05
48.21,240.96
48.25,255.3
48.3,158.92
48.35,182.67
48.36,287.69
48.4,230.255
48.42,301.2
48.45,172.73
48.5,255.86
48.53,299.04
48.56,250.8
48.57,187.72
48.6,251.8
48.7,219.33
48.74,280.04
48.8,173.04
48.9,195.92
48.91,320.54
48.92,100
48.94,206.3
48.95,154.8
49.0,139.3
49.03,278.16
49.04,234.05
49.07,290.54
49.08,228.3
49.09,213.54
49.1,172.733
49.14,163.04
49.15,185.83
49.2,202.24
49.22,238.3
49.27,135.42
49.3,208.785
49.37,184.72
49.4,223.54
49.45,245.42
49.5,227.54
49.52,187.3
49.57,226.54
49.6,232.8
49.68,173.42
49.7,189.5
49.71,213.54
49.72,230.54
49.73,362.55
49.74,300.92
49.76,54.6
49.78,251.3
49.8,247.17
49.87,253.1
49.9,93.365
49.91,275.3
50.0,156.3
50.04,315.96
50.1,122.67
50.14,164.42
50.15,313.44
50.18,210.96
50.23,175.3
50.24,308.54
50.32,170.8
50.36,189.9
50.38,191.3
50.4,193.7
50.42,219.58
50.46,245.56
50.5,140.46
50.51,183.65
50.6,221.04
50.61,163.04
50.63,333.92
50.65,173.92
50.7,168.953
50.79,337.7
50.82,284.9
50.89,110.3
50.9,113.92
51.0,220.36
51.02,137.8
51.04,175.42
51.08,232.42
51.1,203.29
51.13,256.54
51.15,255.5
51.17,248.3
51.2,135.86
51.3,293.38
51.32,230.11
51.4,292.495
51.41,252.36
51.46,354.36
51.5,312.3
51.51,306.92
51.57,318.89
51.6,295.35
51.65,197.06
51.66,141.8
51.73,152.3
51.74,234.04
51.8,248.8
51.84,287.3
51.88,210.42
51.9,269.27
51.94,232.8
51.95,261.92
51.96,138.3
51.97,150.3
52.1,215.235
52.16,163.8
52.17,230.8
52.26,140.3
52.3,246.92
52.32,360.36
52.34,284.92
52.35,267.8
52.36,276.05
52.4,212.92
52.57,178.04
52.58,271.56
52.59,165.3
52.6,138.987
52.62,156.3
52.63,187.63
52.65,166.92
52.67,175.8
52.7,169.3
52.78,183.04
52.8,207.86
52.83,170.8
52.84,231.04
53.0,171.955
53.06,160.8
53.08,238.65
53.1,278.78
53.14,303.96
53.15,121.92
53.16,247.73
53.22,256.51
53.23,207.25
53.24,147.96
53.3,249.7
53.39,231.3
53.4,37.2
53.47,413.79
53.56,183.04
53.59,272.3
53.61,120.15
53.78,257.42
53.8,198.36
53.83,366.16
53.86,205.3
53.88,153.3
53.93,123.8
54.02,326.85
54.04,144.8
54.07,263.8
54.1,197.343
54.13,250.54
54.18,272.42
54.2,225.04
54.25,259.04
54.3,196.42
54.4,213.96
54.41,270.13
54.47,287.04
54.54,262.85
54.77,228.92
54.81,253.965
54.84,311.75
54.89,259.42
54.9,0.3
55.0,286.92
55.05,401.6
55.06,266.6
55.1,157.173
55.3,156.42
55.39,295.25
55.43,273.04
55.45,127.1
55.6,151.55
55.64,207.8
55.69,241.885
55.7,220.24
55.71,127.8
55.73,285.3
55.77,216.96
55.8,302.75
55.84,322.56
55.91,263.42
55.93,73.7
55.95,253.7
56.0,256.42
56.02,310.8
56.07,200.8
56.1,166.73
56.12,200.8
56.13,333.42
56.15,156.92
56.23,270.8
56.31,155.92
56.41,279.92
56.44,150.8
56.47,117.3
56.48,300.8
56.5,227.84
56.51,254.3
56.7,231.67
56.78,461.76
56.8,225.3
56.88,216.9
56.99,363.65
57.05,253.3
57.09,280.3
57.11,198.04
57.15,361.56
57.2,186.8
57.22,120.3
57.24,224.3
57.25,232.73
57.29,174.04
57.3,324.87
57.4,224.15
57.48,156.3
57.5,369
57.6,309.03
57.64,327.04
57.68,282.42
57.7,156.42
57.83,309.8
57.85,247.54
57.9,160.3
58.0,200.035
58.01,332.05
58.05,213.04
58.06,210.8
58.07,287.54
58.15,255.65
58.18,268.25
58.19,102.8
58.23,328.56
58.3,249.27
58.35,240.8
58.44,238.58
58.53,250
58.57,283.04
58.6,217.92
58.62,208.56
58.68,168.36
58.83,102.8
58.94,310.94
59.0,200.3
59.01,212.3
59.08,246.42
59.1,175.19
59.3,132.587
59.35,260.04
59.36,282.42
59.59,177.92
59.6,323.29
60.0,299.45
60.04,216.5
60.31,55.3
60.61,256.92
60.66,352.42
60.77,349.7
60.83,210.38
60.94,328.92
60.96,348.77
60.98,233.54
61.0,250.3
61.2,148.55
61.3,330.04
61.42,273.5
61.45,262.7
61.5,294.31
61.61,122.8
61.71,325.04
61.72,184.3
61.78,253.54
61.82,318.3
61.9,150.3
61.94,219.04
62.22,264.36
62.34,303.3
62.36,170.42
62.4,198.04
62.5,277.9
62.8,223.04
62.9,345.04
62.91,134.92
63.0,400
63.06,63.36
63.3,156.42
63.47,330.79
63.76,344.04
63.78,230.54
63.85,264.42
63.9,257.17
63.96,375.05
64.1,267.86
64.4,250.3
64.55,250.25
64.62,228.05
64.7,219.64
64.94,300.3
65.0,348.67
65.45,499.74
65.46,310.92
65.7,0.3
65.78,180.3
65.81,199.8
65.85,313.04
66.0,280.3
66.1,271.17
66.15,160
66.2,264.667
66.26,394.56
66.53,404.58
66.6,200
66.79,223.54
66.9,186.42
67.03,360.36
67.21,305
67.4,441.04
67.47,293.54
67.49,488.3
67.6,361.1
67.9,336.35
68.1,353.87
68.2,10.8
68.26,175.04
68.4,242.67
68.5,247.07
68.96,303.96
69.31,378.04
69.4,132.895
69.57,200.3
69.77,385.29
69.88,224.47
69.92,206.04
70.14,411.54
70.36,275.42
70.91,196.3
71.29,205.3
71.3,433.8
71.4,359.04
71.64,141
71.73,261.92
71.9,231.3
72.0,371.04
72.15,388.8
72.7,760.02
72.77,342.8
73.53,300.3
73.68,213.04
73.9,199.8
74.68,429.28
74.7,222.32
74.9,334.54
75.56,243.92
75.82,256.92
76.0,464.92
76.27,330.11
76.5,540.075
76.76,223.54
76.8,429.42
77.06,248.92
77.2,371.86
77.24,241.8
77.45,299.79
77.5,226.42
77.91,389.3
78.0,0.31
78.4,435.92
78.5,250.3
79.1,220.3
79.57,180.36
79.95,372.42
80.0,780.16
80.01,295.54
80.21,358.92
80.25,406.42
80.66,436.92
81.08,386.3
81.1,432.89
81.58,355.3
81.7,499.1
82.0,420.54
82.4,399.04
82.48,335.54
82.5,624.32
83.1,225.42
83.2,402.8
83.46,488.3
83.5,441.69
83.8,338.04
83.9,362.415
84.0,475.45
84.3,486.63
84.7,586.615
84.9,620.76
85.1,376.587
85.3,502.55
85.5,241.54
85.7,486.4
85.8,844.83
85.9,390.67
86.0,488.62
86.1,411.42
87.0,496.35
87.2,487.4
87.26,502.3
87.38,438.3
87.77,266.52
87.8,406.42
88.4,880.65
88.5,804.56
88.69,183.36
88.7,255.3
88.83,230.3
89.2,451.8
89.83,398.04
90.2,444.3
90.5,480.3
90.66,438.8
90.72,435.42
91.0,515.25
91.27,261.8
91.3,447.42
91.4,303.3
92.1,497.8
93.05,459.3
95.29,303.36
95.73,235.2
96.2,0.35
97.29,300.04
97.4,524.42
97.6,340.3
97.7,200.3
100.3,320.3
100.49,480.54
100.63,311.3
100.9,6.3
104.05,358.92
104.5,443.92
106.26,300.8
108.95,320.8
109.45,307.7
109.51,265.3
110.4,200.3
114.33,563.06
114.71,299.8
114.72,308.58
115.75,307.7
116.1,12.81
116.88,555.42
118.32,316
120.84,263.3
121.87,315.3
121.91,429.42
123.84,250.8
125.17,388.25
131.1,343.92
131.2,351.58
136.45,306.42
145.81,250.8
146.44,330.8
148.0,520.3
161.5,450.3
180.0,791.04
181.53,920.3
188.02,480.3
209.56,557.54
257.0,400.3
257.1,568.92
306.9,436.42
601.6,13.55
