2.0,"2019-03-12 19:00:26.000000","2019-03-12 19:32:28.000000",1.0,3.5,1.0,N,68.0,237.0,2.0,20.5,1.0,0.5,0.0,0.0,0.3,24.8,2.5
2.0,"2019-03-12 08:03:17.000000","2019-03-12 08:19:47.000000",1.0,4.25,1.0,N,263.0,137.0,1.0,16.0,1.0,0.5,1.25,0.0,0.3,21.55,2.5
2.0,"2019-03-12 08:28:46.000000","2019-03-12 08:44:00.000000",1.0,2.28,1.0,N,233.0,141.0,1.0,11.5,1.0,0.5,3.16,0.0,0.3,18.96,2.5
2.0,"2019-03-12 08:51:33.000000","2019-03-12 09:10:38.000000",1.0,2.68,1.0,N,141.0,79.0,1.0,13.5,1.0,0.5,3.56,0.0,0.3,21.36,2.5
2.0,"2019-03-12 18:44:37.000000","2019-03-12 18:55:28.000000",1.0,1.52,1.0,N,162.0,107.0,1.0,8.5,1.0,0.5,2.56,0.0,0.3,15.36,2.5
2.0,"2019-03-12 18:56:25.000000","2019-03-12 19:14:41.000000",1.0,4.63,1.0,N,107.0,88.0,2.0,17.5,1.0,0.5,0.0,0.0,0.3,21.8,2.5
2.0,"2019-03-12 09:45:00.000000","2019-03-12 10:14:37.000000",1.0,5.64,1.0,N,79.0,61.0,1.0,23.0,1.0,0.5,2.0,0.0,0.3,29.3,2.5
2.0,"2019-03-12 18:56:43.000000","2019-03-12 19:01:07.000000",1.0,0.76,1.0,N,113.0,249.0,1.0,5.0,1.0,0.5,1.0,0.0,0.3,10.3,2.5
2.0,"2019-03-12 10:44:22.000000","2019-03-12 11:12:20.000000",1.0,6.68,1.0,N,113.0,74.0,2.0,24.0,0.5,0.5,0.0,0.0,0.3,27.8,2.5
2.0,"2019-03-12 11:13:49.000000","2019-03-12 11:25:38.000000",1.0,2.75,1.0,N,74.0,238.0,1.0,11.0,0.5,0.5,2.96,0.0,0.3,17.76,2.5
2.0,"2019-03-12 11:37:18.000000","2019-03-12 11:53:19.000000",2.0,3.34,1.0,N,142.0,151.0,1.0,13.5,0.5,0.5,3.0,0.0,0.3,20.3,2.5
2.0,"2019-03-12 12:06:08.000000","2019-03-12 12:14:32.000000",1.0,1.35,1.0,N,142.0,237.0,2.0,8.0,0.5,0.5,0.0,0.0,0.3,11.8,2.5
2.0,"2019-03-12 12:19:22.000000","2019-03-12 12:22:58.000000",1.0,0.83,1.0,N,237.0,263.0,1.0,5.0,0.5,0.5,1.76,0.0,0.3,10.56,2.5
2.0,"2019-03-12 12:48:44.000000","2019-03-12 13:09:00.000000",1.0,5.0,1.0,N,162.0,13.0,1.0,18.0,0.5,0.5,4.36,0.0,0.3,26.16,2.5
2.0,"2019-03-12 13:26:23.000000","2019-03-12 13:34:24.000000",1.0,1.22,1.0,N,186.0,246.0,2.0,7.5,0.5,0.5,0.0,0.0,0.3,11.3,2.5
2.0,"2019-03-12 13:38:17.000000","2019-03-12 13:49:27.000000",1.0,2.18,1.0,N,48.0,107.0,2.0,10.0,0.5,0.5,0.0,0.0,0.3,13.8,2.5
2.0,"2019-03-12 14:05:41.000000","2019-03-12 14:09:51.000000",1.0,1.63,1.0,N,74.0,168.0,2.0,6.5,0.5,0.5,0.0,0.0,0.3,7.8,0.0
2.0,"2019-03-12 20:39:41.000000","2019-03-12 20:59:12.000000",1.0,5.2,1.0,N,152.0,162.0,1.0,18.5,0.0,0.5,0.0,0.0,0.3,19.3,0.0
2.0,"2019-03-12 21:24:59.000000","2019-03-12 21:41:17.000000",1.0,8.28,1.0,N,262.0,138.0,1.0,24.0,0.0,0.5,4.96,5.76,0.3,38.02,2.5
2.0,"2019-03-12 23:03:38.000000","2019-03-12 23:43:22.000000",1.0,9.94,1.0,N,138.0,48.0,2.0,34.0,0.0,0.5,0.0,5.76,0.3,43.06,2.5
266324
