170.0
161.0
186.0
68.0
79.0
234.0
249.0
113.0
246.0
164.0
230.0
107.0
90.0
162.0
114.0
48.0
100.0
137.0
231.0
158.0
237.0
163.0
144.0
211.0
236.0
148.0
233.0
229.0
142.0
141.0
13.0
224.0
125.0
50.0
239.0
87.0
138.0
238.0
140.0
263.0
4.0
143.0
43.0
132.0
232.0
262.0
261.0
75.0
88.0
33.0
209.0
255.0
151.0
181.0
41.0
256.0
7.0
45.0
145.0
166.0
42.0
74.0
66.0
1.0
264.0
112.0
97.0
25.0
49.0
244.0
65.0
80.0
61.0
116.0
226.0
24.0
37.0
40.0
243.0
52.0
129.0
189.0
223.0
17.0
179.0
265.0
14.0
89.0
225.0
146.0
36.0
260.0
228.0
95.0
127.0
257.0
188.0
12.0
198.0
152.0
