24.93 1
24.95 8
24.96 9
45.36 1
45.37 1
24.98 5
45.38 1
24.99 5
45.39 2
52.0 6
52.5 1
14.41 18
14.42 6
52.7 2
14.43 8
14.44 9
14.45 170
14.46 163
14.47 3
14.48 111
14.49 36
86.93 1
45.42 1
45.49 1
130.0 2
14.51 3
14.52 9
14.53 75
14.54 7
14.55 59
14.56 155
14.57 9
14.58 73
14.59 2
45.55 2
45.56 1
14.61 7
35.01 1
14.62 6
14.63 2
14.64 43
14.65 88
35.05 4
14.66 141
14.67 1
35.06 3
14.68 97
35.08 4
18.0 217
18.1 17
18.2 42
18.3 13
18.4 576
18.5 14
18.6 21
18.7 39
18.8 31
18.9 15
80.34 1
45.61 1
117.77 1
45.66 1
148.3 1
14.71 4
35.11 3
14.72 9
14.73 860
14.74 7
14.75 60
14.76 141
35.15 2
14.77 1
14.78 61
35.18 1
14.79 32
35.19 2
45.73 1
45.76 1
14.81 9
14.82 45
14.83 74
14.84 6
14.85 65
14.86 136
35.25 5
14.87 1
35.26 1
14.88 66
14.89 1
35.28 1
57.0 3
111.11 1
45.84 1
45.86 2
45.88 1
45.89 1
121.75 1
70.05 2
70.06 1
14.91 4
14.92 5
14.93 3
35.32 2
35.33 1
14.94 27
14.95 513
14.96 103
35.35 3
35.36 1
14.97 10
14.98 158
35.38 1
14.99 4
135.0 1
80.66 2
96.0 1
96.7 1
35.45 1
35.48 3
35.49 1
66.45 1
44.0 12
44.1 1
44.7 1
70.29 1
35.56 1
35.58 1
80.84 1
80.88 1
66.54 1
83.0 1
83.1 1
70.38 1
35.66 4
35.69 1
25.01 1
25.02 4
372.36 1
25.04 2
25.05 16
25.06 13
25.07 4
25.08 10
56.06 1
35.72 1
35.75 1
31.0 7
35.78 1
35.79 1
31.2 5
31.3 4
31.4 1
31.6 3
31.7 3
25.11 2
25.12 1
66.73 1
25.14 12
25.15 10
25.16 9
25.17 1
25.18 3
35.81 1
35.82 1
35.86 4
35.87 1
35.88 2
70.0 23
70.5 2
70.7 1
70.8 1
60.01 2
25.21 1
25.22 1
25.23 1
25.24 1
25.25 5
60.05 2
60.06 1
25.26 9
25.27 1
25.28 4
60.08 2
25.29 4
56.25 1
70.66 1
56.28 1
35.93 1
35.94 3
35.97 1
49.0 1
35.98 1
49.2 1
25.32 6
25.33 1
25.35 6
25.36 7
60.16 1
25.38 9
25.39 1
88.0 3
88.8 1
87.33 1
25.41 2
25.44 6
25.45 9
60.26 1
25.46 8
25.47 1
25.48 4
56.42 1
91.25 1
25.52 1
36.0 7
36.2 2
25.54 1
25.55 12
36.4 1
25.56 4
36.5 1
25.58 4
36.6 1
36.7 1
25.59 8
36.9 1
91.37 1
15.01 19
15.02 4
15.03 6
15.04 6
15.05 149
15.06 174
15.07 12
15.08 91
15.09 41
25.61 2
25.62 2
25.63 1
25.65 2
25.66 12
46.06 1
25.68 3
46.08 1
75.0 11
75.2 1
75.6 1
75.9 1
91.41 1
56.62 1
91.45 1
56.66 1
15.11 6
15.12 6
15.13 57
15.14 5
15.15 60
15.16 154
15.17 1
15.18 32
15.19 3
25.71 1
25.72 1
25.73 1
25.74 7
25.75 2
25.76 3
60.56 2
25.77 2
46.16 1
25.78 1
46.18 1
23.0 42
23.1 4
23.2 12
23.3 6
23.4 6
23.5 4
23.6 8
23.7 7
23.8 8
23.9 6
77.17 1
15.21 6
15.22 6
15.23 49
15.24 34
15.25 61
15.26 141
15.28 74
15.29 2
297.0 1
25.82 6
25.83 1
25.85 3
25.86 4
46.25 1
25.87 1
25.88 7
25.89 4
56.82 1
50.03 2
56.86 1
50.05 4
50.06 3
50.08 3
15.31 4
15.32 39
15.33 2
15.34 3
15.35 3435
15.36 5195
15.37 5
15.38 29
15.39 28
87.88 1
46.31 1
25.92 1
25.93 1
46.33 1
25.94 1
25.95 6
25.96 4
46.36 1
25.98 5
101.0 1
56.92 1
62.0 8
62.1 1
50.15 1
50.16 1
15.41 4
15.42 4
62.7 1
15.43 68
15.44 4
15.45 84
15.46 86
15.47 2
15.48 54
15.49 1
140.0 2
77.41 1
50.23 1
15.51 7
15.52 2
15.53 1
15.54 32
15.55 97
15.56 102
15.57 8
15.58 132
15.59 1
10.0 21707
10.1 760
10.2 455
10.3 157
10.4 190
10.5 63
10.6 613
10.7 434
10.8 210
10.9 137
46.58 1
60.99 1
77.51 1
15.61 7
15.62 9
15.63 4
15.64 1
15.65 50
36.05 8
15.66 121
15.67 1
36.06 4
15.68 24
36.08 1
15.69 13
36.09 2
28.0 32
28.1 1
28.2 7
28.3 3
28.4 2
28.6 1
28.7 5
28.8 5
46.66 1
15.71 8
98.08 1
15.72 2
36.12 1
15.73 69
15.74 4
15.75 48
36.15 1
15.76 108
36.16 3
15.78 19
36.18 1
15.79 6
46.78 1
50.56 1
77.77 1
50.58 1
15.81 3
15.82 71
15.83 3
15.84 78
36.24 3
15.85 146
15.86 285
36.25 1
15.87 3
15.88 85
36.27 1
36.28 1
15.89 4
67.0 3
67.4 1
40.01 1
40.04 3
40.05 4
40.06 6
46.88 1
40.08 1
40.09 1
15.0 2729
15.1 95
15.2 93
15.3 23
15.4 58
15.5 73
15.6 57
15.7 118
15.8 77
15.9 22
50.65 1
50.66 2
15.91 3
50.68 1
15.92 7
36.31 1
15.93 9
15.94 6
15.95 98
15.96 97
36.36 1
15.97 2
15.98 47
36.38 1
15.99 27
145.7 1
67.32 1
46.95 1
40.16 7
50.76 1
36.42 1
36.43 1
36.45 3
36.46 2
67.41 1
40.22 1
40.28 1
67.49 1
40.29 1
54.0 4
54.2 1
54.3 1
50.82 1
50.88 2
36.51 1
36.56 1
36.58 1
40.31 2
40.32 1
40.38 1
26.01 1
26.04 3
26.05 11
26.06 12
26.07 2
26.08 6
50.94 1
36.61 4
36.65 1
36.66 1
40.44 1
67.66 1
40.46 1
40.47 1
26.11 1
88.08 1
26.12 2
26.14 1
26.15 10
26.16 12
26.18 2
26.19 5
71.42 1
71.48 1
36.71 1
36.73 1
36.76 2
41.0 1
36.78 1
41.2 1
41.3 1
41.5 2
41.8 1
67.76 1
40.56 2
40.58 1
26.21 1
40.59 1
26.22 2
26.23 1
26.25 4
26.26 7
26.27 2
26.28 2
98.76 1
36.82 1
98.79 1
36.84 1
30.03 3
36.85 1
36.86 1
30.05 19
30.06 10
57.26 1
30.07 3
30.08 8
30.09 2
80.0 26
80.1 1
80.8 1
40.63 1
67.83 1
61.03 1
67.86 1
40.66 2
26.31 1
26.32 5
26.35 2
26.36 5
26.37 1
26.38 3
26.39 1
71.64 1
36.92 2
30.11 2
102.27 1
30.15 4
59.0 2
30.16 6
30.18 1
36.99 2
40.71 1
40.73 2
26.41 1
26.43 1
26.44 1
26.45 11
26.48 2
26.49 4
30.21 2
30.22 1
30.23 1
30.24 5
30.25 1
30.26 3
30.28 5
40.82 1
40.83 1
40.86 1
40.88 2
26.51 1
26.53 2
26.55 3
26.56 10
26.58 5
30.35 1
30.38 1
30.39 1
250.0 1
229.7 1
46.0 5
46.2 1
40.95 1
40.96 1
61.37 1
46.6 1
88.58 1
26.61 2
61.38 2
46.7 1
46.9 1
26.64 5
26.65 3
26.66 9
30.41 2
16.01 11
57.62 1
16.02 8
16.03 49
16.04 6
30.45 3
30.46 5
16.05 69
16.06 109
16.07 12
30.49 1
16.08 45
16.09 3
61.42 4
26.71 3
26.73 2
26.75 8
26.76 10
85.0 6
26.77 1
26.78 1
26.79 2
85.4 1
85.8 1
16.11 3
16.12 9
30.54 1
16.13 7
30.55 1
16.14 30
57.76 1
30.56 8
16.15 59
57.77 1
16.16 118
30.58 4
16.17 2
57.78 1
16.18 57
16.19 3
47.12 1
26.81 3
26.82 2
20.01 5
20.02 8
20.03 3
26.85 4
20.04 14
26.86 3
20.05 47
20.06 58
26.88 1
20.07 6
20.08 51
33.0 24
33.2 3
33.5 2
33.7 3
33.8 3
16.21 7
16.22 9
16.23 24
16.24 6
30.66 12
16.25 63
16.26 85
30.68 1
16.27 1
57.88 1
30.69 3
16.28 13
16.29 17
61.68 1
26.91 2
88.88 2
20.11 6
26.94 8
20.13 2
26.95 6
20.14 6
26.96 2
20.15 20
26.97 1
20.16 52
26.98 3
20.18 7
20.19 5
111.0 3
51.11 1
16.31 7
72.0 2
16.32 146
16.33 41
30.75 2
16.34 6
16.35 42
57.96 1
72.3 1
16.36 97
30.78 1
16.37 2
57.99 1
16.38 26
16.39 10
51.19 1
72.8 1
61.72 1
47.32 1
47.39 1
20.22 4
20.23 5
20.24 2
20.25 10
20.26 22
20.27 1
20.28 8
20.29 1
30.82 2
16.41 8
16.42 6
30.84 3
16.43 9
30.85 1
16.44 19
30.86 1
16.45 677
16.46 91
30.88 1
16.47 1
51.28 1
16.48 1509
16.49 5
20.0 1976
20.1 6
20.2 56
20.3 18
20.4 17
20.5 8
20.6 9
20.7 36
20.8 30
20.9 18
119.59 1
20.31 2
20.32 26
20.34 13
20.35 11
20.36 29
20.38 13
150.0 2
16.51 5
16.52 8
51.33 1
16.53 4
16.54 6
30.96 2
16.55 302
16.56 124
30.98 1
16.57 3
30.99 4
16.58 46
16.59 606
47.53 1
47.58 1
20.41 2
20.42 2
20.44 1
20.45 35
20.46 19
20.48 6
20.49 16
92.95 1
16.61 5
37.01 1
16.62 10
16.63 20
37.03 1
16.64 7
51.45 1
16.65 39
16.66 123
37.06 5
16.67 1
16.68 23
404.44 1
37.08 1
16.69 2
38.0 14
38.1 2
38.2 5
38.3 2
38.6 1
38.8 5
38.9 1
47.66 1
47.68 1
20.51 2
20.52 3
20.53 7
20.54 1
20.55 20
20.56 50
20.57 6
20.58 25
16.71 4
16.72 1
16.73 18
16.74 27
37.13 1
16.75 63
16.76 79
16.77 1
37.16 3
16.78 49
51.58 1
16.79 4
77.0 3
68.11 1
47.73 1
20.61 2
20.62 8
20.64 15
20.65 12
20.66 37
20.68 7
20.69 3
99.11 1
16.81 2
37.21 1
16.82 25
10.01 52
16.83 3
10.02 30
16.84 2
10.03 79
16.85 49
10.04 3
51.66 1
16.86 96
10.05 568
37.25 2
10.06 420
16.88 28
10.07 55
16.89 27
10.08 1189
37.28 2
10.09 6
37.29 3
41.02 1
41.05 1
82.66 1
68.26 1
20.71 3
41.08 1
20.72 2
20.73 6
20.74 1
20.75 17
20.76 22
25.0 436
20.77 1
25.1 5
20.78 4
25.2 12
20.79 8
25.3 5
25.4 7
25.5 4
25.6 3
25.7 13
25.8 9
78.88 1
16.91 5
10.11 19
37.31 1
72.08 1
16.92 7
10.12 12
16.93 32
10.13 7
16.94 5
10.14 202
16.95 90
37.35 1
10.15 536
16.96 73
10.16 377
37.36 2
10.17 13
51.78 2
16.98 26
10.18 798
37.38 4
16.99 2
10.19 5
68.31 1
41.12 1
68.32 1
41.15 1
20.81 1
47.98 1
41.18 1
20.82 23
20.83 1
41.19 1
20.84 2
20.85 15
20.86 24
20.88 11
10.21 3
78.99 1
10.22 9
10.23 404
51.84 1
37.44 1
10.24 7
37.45 2
10.25 490
10.26 368
51.88 1
10.27 3
37.48 1
10.28 698
10.29 145
103.0 1
41.21 1
68.42 1
41.25 1
20.91 1
41.28 1
20.92 5
20.94 10
20.95 31
20.96 18
20.98 10
20.99 1
64.0 4
64.1 1
10.31 15
12.0 2073
10.32 219
12.1 384
10.33 92
12.2 269
10.34 9
12.3 110
10.35 597
51.96 1
37.56 1
12.4 142
10.36 654
12.5 120
12.6 244
10.38 640
37.58 5
37.59 1
12.7 232
10.39 5
12.8 96
12.9 52
41.32 2
41.35 1
41.36 1
68.56 1
41.38 5
27.01 2
27.03 1
27.05 9
27.06 10
27.07 2
27.08 5
27.09 7
10.41 10
37.62 1
10.42 11
10.43 2
37.63 1
10.44 202
37.65 1
10.45 834
10.46 355
10.47 9
37.68 1
10.48 1179
10.49 4
37.69 1
41.41 2
41.44 1
68.64 1
41.45 1
68.66 1
41.47 1
41.48 1
27.11 3
27.13 1
27.14 2
27.15 1
27.16 15
27.18 3
10.51 4
103.02 1
10.52 17
58.11 1
10.53 1
37.74 1
10.54 5
37.75 2
10.55 594
10.56 810
37.76 2
51.0 3
10.57 34
10.58 795
37.78 1
10.59 152
37.79 2
51.5 2
51.7 2
27.21 3
27.23 3
27.24 5
27.25 2
27.26 3
27.27 1
27.28 8
37.81 1
72.58 1
10.61 40
10.62 15
10.63 125
10.64 4
10.65 402
58.25 1
10.66 385
31.06 3
10.67 5
37.88 1
31.07 2
10.68 516
31.08 1
10.69 2
90.0 13
90.3 1
68.82 1
41.62 1
62.04 1
62.05 1
62.08 1
27.31 1
27.32 4
27.34 1
27.35 2
27.36 4
27.38 3
27.39 3
72.66 1
10.71 10
10.72 8
10.73 380
37.93 2
58.33 1
10.74 173
31.14 1
10.75 354
10.76 314
10.77 4
31.16 3
69.0 1
31.17 1
10.78 653
69.2 1
10.79 1
37.99 1
31.19 1
17.0 131
17.1 24
17.2 52
17.3 26
17.4 17
17.5 28
17.6 19
17.7 60
41.76 1
17.8 30
17.9 69
41.78 2
27.41 1
27.42 1
27.45 2
27.48 5
10.81 10
99.99 2
10.82 206
10.83 11
31.22 2
10.84 10
10.85 565
10.86 567
31.25 3
10.87 3
31.26 6
10.88 571
10.89 150
31.28 6
31.29 1
134.34 1
41.85 1
41.86 2
41.88 1
27.51 2
27.52 1
27.54 1
27.55 3
27.56 2
27.57 3
27.58 7
10.91 8
10.92 7
31.31 1
10.93 120
31.32 3
10.94 4
10.95 512
10.96 296
10.97 5
10.98 803
10.99 2
31.38 3
31.39 1
17.01 4
17.02 9
17.03 2
17.04 21
239.0 1
17.05 72
17.06 90
17.07 5
17.08 87
17.09 2
56.0 4
41.98 1
27.61 1
56.7 1
27.63 2
27.64 1
27.65 4
48.05 1
27.66 5
48.06 1
27.68 3
27.69 3
48.09 1
31.44 1
31.45 4
31.46 4
79.06 1
31.48 2
17.11 12
17.12 16
17.13 1
17.14 4
17.15 68
17.16 115
17.18 21
17.19 38
27.71 4
27.76 5
95.0 3
27.78 2
95.7 1
300.0 3
31.52 1
31.55 3
31.56 3
31.57 1
31.58 2
31.59 3
17.21 5
17.22 5
17.23 29
17.24 8
17.25 41
17.26 80
17.27 1
17.28 14
17.29 1
62.55 2
21.01 3
21.03 1
27.84 3
27.85 1
21.05 20
48.26 1
27.87 1
21.06 35
27.88 5
21.07 4
21.08 17
48.28 1
21.09 9
43.0 4
43.6 1
43.7 1
31.61 1
31.62 1
58.83 1
31.65 1
52.06 3
58.89 1
17.31 6
17.32 52
17.33 2
17.34 20
17.35 48
17.36 93
17.37 2
17.38 34
17.39 1
27.91 2
27.92 2
21.11 2
27.93 1
21.12 3
21.13 5
27.95 5
21.14 4
27.96 2
21.15 13
21.16 29
48.36 1
21.17 1
27.98 6
27.99 4
21.18 9
31.71 1
79.32 1
31.73 1
82.0 3
31.74 3
52.15 1
31.78 4
31.79 1
17.41 5
17.42 3
17.43 1
82.8 1
17.44 7
17.45 69
17.46 75
17.47 1
17.48 24
17.49 11
83.15 1
21.23 4
21.24 9
21.25 8
48.46 1
21.26 13
21.27 2
21.28 7
31.81 1
52.21 1
31.82 1
31.85 1
52.27 1
31.88 4
17.51 5
17.52 6
17.53 25
17.54 5
17.55 51
17.56 87
17.57 8
17.58 45
17.59 1
30.0 314
30.2 11
30.3 5
30.5 2
30.6 1
30.7 3
30.8 6
21.32 29
48.54 1
21.35 11
48.56 1
21.36 15
21.37 1
21.38 5
21.39 15
31.95 2
31.96 1
31.98 2
17.61 10
17.62 9
17.64 17
17.65 137
17.66 75
17.68 222
17.69 1
83.36 1
21.41 1
21.43 4
21.45 30
21.46 15
48.66 1
21.47 2
21.48 7
21.49 1
79.65 1
38.04 3
38.05 2
38.06 2
52.48 1
17.71 1
17.72 2
38.08 1
17.73 4
17.74 6
17.75 46
17.76 68
17.77 1
17.78 13
17.79 12
48.0 8
200.0 10
48.8 1
200.8 1
21.51 1
21.52 3
21.54 7
21.55 12
21.56 30
21.57 2
21.58 17
52.55 2
52.56 1
17.81 5
38.18 1
17.82 32
17.83 15
17.84 1
17.85 42
17.86 87
17.87 2
17.88 14
17.89 1
48.81 1
21.61 2
21.62 1
21.64 2
21.65 15
21.66 27
48.86 1
21.67 1
21.68 2
21.69 4
52.61 1
11.01 16
11.02 13
11.03 1
38.23 1
11.04 127
52.66 1
11.05 3303
11.06 8186
17.91 2
79.88 1
11.07 42
38.28 1
17.92 6
11.08 693
11.09 5
17.94 138
17.95 55
17.96 59
17.97 2
17.98 36
42.03 1
42.05 1
21.71 1
42.08 2
42.09 1
21.73 3
21.74 1
21.75 10
48.96 1
21.76 18
21.77 1
35.0 73
21.78 7
48.99 1
35.2 1
35.3 3
35.7 2
35.8 3
35.9 2
52.71 1
79.91 1
11.11 105
52.73 1
11.12 11
38.32 1
11.13 5
11.14 5
38.34 1
11.15 339
11.16 267
38.36 2
200.08 1
11.18 367
11.19 117
113.0 1
42.15 1
21.81 3
42.18 1
21.82 17
21.83 1
21.84 8
21.85 9
21.86 18
21.87 1
21.88 11
21.89 1
74.2 1
74.3 1
52.81 1
11.21 10
11.22 18
11.23 449
52.85 1
11.24 5
52.86 2
38.45 1
11.25 184
200.18 1
11.26 216
38.46 1
11.27 5
11.28 329
38.48 1
11.29 2
42.24 1
42.25 2
21.92 1
21.94 1
21.95 23
21.96 17
21.97 1
21.98 8
21.99 4
11.31 11
22.0 105
11.32 180
22.1 5
11.33 3
22.2 25
11.34 117
22.3 18
11.35 386
38.55 1
22.4 8
11.36 464
11.37 4
22.5 8
11.38 429
38.58 2
22.6 5
11.39 3
22.7 18
22.8 12
22.9 8
42.36 1
42.37 1
69.58 2
42.39 1
28.01 1
28.02 2
28.05 3
28.06 8
28.07 1
28.08 2
289.45 1
11.41 3
38.61 1
11.42 7
11.43 6
38.64 1
11.44 6
11.45 520
11.46 302
38.66 2
11.48 607
38.68 1
11.49 97
59.08 1
42.45 1
69.65 1
42.46 2
28.11 2
28.12 1
28.14 6
28.15 2
28.16 10
28.18 3
100.0 44
100.8 3
11.51 6
38.72 1
11.52 10
59.11 1
11.53 129
11.54 1
11.55 185
38.75 1
11.56 201
38.76 1
61.0 2
11.57 22
38.78 1
11.58 422
11.59 4
61.6 1
61.7 3
42.53 1
42.55 1
42.58 1
28.21 1
28.22 1
28.24 1
28.25 3
28.26 4
28.28 5
28.29 4
11.61 5
11.62 4
11.63 2
11.64 108
11.65 264
38.85 3
38.86 1
32.05 7
11.66 213
32.06 2
59.26 1
11.67 5
11.68 359
38.88 2
32.08 3
11.69 4
28.31 3
28.32 3
28.35 2
28.36 1
28.38 4
11.71 35
11.72 5
32.11 1
11.73 277
11.74 8
11.75 1343
38.95 2
59.35 2
32.15 1
11.76 188
11.77 4
32.16 8
11.78 3939
11.79 93
32.18 1
32.19 3
27.0 36
27.2 14
27.3 3
27.5 7
42.73 1
27.6 1
27.7 10
42.76 1
27.8 5
28.41 2
28.44 1
28.45 9
28.46 2
28.48 3
11.81 3
11.82 110
32.22 2
11.83 126
11.84 2
11.85 276
59.45 1
11.86 364
32.25 2
32.26 2
11.87 49
11.88 235
11.89 4
323.0 1
28.51 5
28.52 1
28.53 1
28.55 2
28.56 6
28.57 1
28.58 5
28.59 3
11.91 3
11.92 4
11.93 4
11.94 77
11.95 982
32.34 3
11.96 1652
32.35 2
59.56 1
11.97 7
32.36 1
11.98 566
32.38 1
32.39 1
18.01 13
18.02 3
18.03 2
105.0 1
18.04 6
18.05 58
18.06 88
18.07 7
18.08 32
18.09 19
42.91 1
42.92 1
66.0 4
42.95 1
42.96 1
63.36 1
42.98 1
28.61 3
66.7 4
28.65 2
28.66 4
14.0 406
14.1 111
14.2 112
14.3 50
14.4 34
14.5 42
14.6 115
14.7 384
14.8 58
14.9 217
73.98 1
59.61 1
32.45 2
32.48 5
32.49 1
18.11 8
18.12 5
18.13 18
18.14 12
18.15 44
18.16 86
18.18 12
28.71 2
28.74 8
28.75 2
28.76 7
28.77 1
28.78 2
49.18 1
32.51 1
59.71 1
32.52 1
32.53 2
32.55 4
32.56 1
32.58 3
18.21 2
18.22 2
18.23 6
18.24 17
18.25 38
18.26 61
18.27 1
18.28 26
18.29 2
63.56 1
63.58 1
28.82 2
22.01 1
22.03 3
22.04 1
28.85 4
28.86 3
22.05 17
22.06 27
49.27 1
28.88 7
22.07 4
28.89 4
22.08 20
53.0 7
53.3 2
53.8 1
32.61 1
53.01 1
32.64 1
32.66 7
32.68 1
32.69 1
18.31 4
18.32 47
18.34 4
18.35 30
18.36 55
18.37 1
18.38 9
18.39 11
63.63 1
63.65 1
28.91 1
28.92 1
22.11 2
28.93 1
22.12 5
49.32 1
28.95 5
22.14 9
28.96 2
22.15 15
22.16 26
22.17 1
28.98 2
22.18 9
32.72 1
92.0 1
32.75 1
32.76 2
53.16 1
32.78 1
18.41 2
53.18 1
18.42 10
18.43 1492
18.44 5
18.45 37
18.46 66
18.48 23
63.72 1
22.21 2
22.22 16
22.23 1
22.25 11
22.26 9
22.28 6
49.48 1
22.29 8
32.81 1
32.82 1
32.83 2
32.85 1
32.86 1
18.51 2
18.52 7
18.53 1
18.54 17
18.55 43
18.56 58
19.0 57
18.57 4
19.1 8
18.58 42
19.2 27
18.59 1
19.3 19
19.4 14
40.0 178
19.5 11
40.1 1
19.6 8
40.2 4
19.7 29
40.3 1
19.8 20
40.4 3
19.9 15
22.31 1
22.32 14
22.33 8
22.35 8
22.36 14
22.38 9
32.94 1
32.95 3
32.96 1
32.98 1
53.38 1
18.61 6
18.62 2
18.63 2
18.64 4
18.65 38
18.66 69
18.67 5
18.68 9
18.69 26
22.41 4
49.61 1
22.42 2
22.44 5
22.45 22
22.46 17
22.48 4
22.49 1
39.04 1
39.05 1
39.06 3
18.71 7
18.72 7
18.73 12
18.74 4
18.75 27
18.76 43
18.78 10
18.79 2
58.0 3
58.8 1
22.51 4
49.72 1
22.52 5
22.53 1
22.55 23
22.56 14
22.57 4
22.58 10
22.59 22
49.79 1
53.56 1
39.16 2
18.81 6
18.82 30
12.01 7
18.83 1
12.02 10
18.84 27
12.03 2
18.85 29
12.04 7
18.86 40
12.05 234
18.87 2
12.06 164
18.88 31
12.07 12
18.89 1
12.08 356
12.09 79
97.0 1
84.54 1
22.62 1
22.63 1
43.03 1
22.64 1
49.85 1
22.65 12
22.66 18
43.05 1
43.06 3
49.88 1
22.68 4
22.69 1
39.24 1
53.66 1
53.68 1
18.91 1
18.92 1
12.11 12
18.93 2
12.12 33
18.94 3
12.13 121
18.95 49
12.14 5
18.96 47
12.15 174
18.97 2
12.16 187
12.17 4
18.98 18
18.99 16
12.18 184
22.71 3
43.12 1
22.73 2
22.74 9
49.95 1
22.75 12
22.76 19
22.77 2
45.0 30
22.78 9
45.2 1
45.5 1
45.8 1
45.9 1
53.77 1
39.36 1
39.38 1
12.21 199
12.22 13
12.23 206
12.24 73
12.25 10710
12.26 144
12.27 8
12.28 30546
12.29 11
150.08 1
22.81 1
22.82 19
22.85 7
22.86 13
43.26 1
22.88 10
22.89 7
43.28 2
43.29 1
53.84 1
39.46 2
12.31 4
12.32 75
12.33 7
12.34 58
12.35 220
12.36 336
12.37 3
12.38 170
12.39 72
22.91 1
22.92 1
22.94 2
22.95 13
22.96 8
43.36 1
22.98 5
39.51 1
32.0 19
32.1 1
32.2 2
39.55 1
32.3 1
39.56 1
32.5 2
32.6 1
39.58 1
12.41 5
12.42 11
32.7 8
12.43 115
12.44 33
12.45 350
12.46 311
12.47 7
12.48 316
12.49 2
29.04 1
43.46 2
29.05 8
29.06 9
43.48 1
29.08 3
39.61 1
39.66 1
39.68 1
12.51 9
12.52 10
12.54 91
12.55 152
12.56 350
12.57 30
71.0 2
12.58 333
12.59 1
29.11 2
43.55 1
29.15 2
29.16 3
29.18 2
29.19 2
110.0 6
39.73 2
39.76 3
39.78 1
74.58 1
12.61 16
74.59 1
12.62 10
12.63 5
12.64 5
12.65 380
12.66 190
12.67 5
12.68 820
12.69 62
43.61 1
29.21 1
29.23 1
43.65 1
29.25 4
43.66 1
29.26 4
43.68 2
29.28 2
39.81 1
39.84 2
74.66 1
33.05 2
39.86 1
33.06 4
12.71 5
33.08 1
12.72 12
33.09 1
12.73 317
12.74 2
12.75 62
12.76 172
12.77 2
12.78 102
89.4 1
29.32 1
29.34 1
43.75 1
29.35 2
29.36 4
29.38 4
33.11 1
39.92 1
39.95 2
33.16 1
12.81 4
39.99 1
12.82 70
33.18 3
12.83 2
12.84 89
12.85 197
12.86 256
12.87 4
12.88 199
12.89 1
37.0 7
37.5 1
37.7 5
37.8 2
29.41 1
64.18 1
29.45 2
29.46 5
43.88 1
29.47 1
29.48 2
29.49 3
33.21 1
33.22 1
33.25 2
12.91 5
12.92 13
12.93 4
12.94 22
12.95 236
12.96 242
12.97 7
12.98 221
12.99 61
115.0 2
29.51 2
29.52 1
76.0 1
29.53 1
76.2 1
43.95 1
29.55 1
43.96 1
29.56 2
29.58 2
76.7 1
222.22 1
33.32 5
33.33 5
33.34 1
33.35 1
33.36 1
33.38 4
33.39 2
19.01 3
19.02 4
19.03 68
19.04 2
19.05 41
19.06 77
19.07 4
19.08 18
64.33 1
29.63 1
29.65 1
29.66 3
29.68 4
24.0 32
24.1 6
24.2 14
24.3 7
24.4 12
24.5 7
24.6 2
24.7 10
24.8 8
24.9 1
33.41 1
33.42 1
33.43 1
33.45 2
33.46 4
33.48 5
19.11 7
19.12 4
19.14 21
19.15 33
19.16 53
19.18 12
19.19 1
29.71 3
29.73 2
29.75 1
29.76 7
29.78 3
29.79 1
33.51 1
33.52 1
33.54 2
33.56 2
33.58 1
19.21 3
19.22 6
19.23 4
19.24 4
19.25 25
19.26 39
19.27 2
19.28 10
19.29 10
64.56 1
29.82 3
23.01 5
64.59 1
29.83 1
23.02 5
23.04 8
102.5 1
29.86 5
23.05 7
23.06 26
29.88 3
23.07 3
23.08 15
63.0 1
95.57 1
33.64 1
33.65 1
33.66 3
33.67 1
19.31 1
33.69 1
19.32 28
19.33 13
19.34 2
19.35 20
19.36 51
11.0 1063
19.37 1
11.1 525
19.38 12
11.2 371
19.39 1
11.3 142
11.4 55
11.5 126
11.6 424
11.7 242
11.8 141
11.9 96
64.61 1
23.11 4
23.12 2
29.94 1
23.13 1
29.95 4
29.96 5
23.15 14
23.16 19
23.18 3
23.19 5
33.73 1
33.76 2
54.16 1
33.78 4
19.42 4
19.43 1
19.44 17
19.45 42
19.46 42
19.48 15
23.22 1
23.23 4
23.25 9
23.26 15
23.28 5
180.0 1
33.83 1
33.84 1
54.24 1
33.85 1
54.25 2
33.86 2
33.88 2
19.51 5
19.53 2
19.54 2
19.55 43
19.56 44
29.0 15
19.57 4
29.1 5
29.2 1
19.58 20
19.59 44
29.3 2
29.4 2
50.0 140
29.5 3
29.6 2
50.2 1
29.7 2
29.8 5
29.9 2
50.5 2
50.7 1
50.8 2
23.32 20
23.33 2
23.34 6
23.35 6
23.36 11
23.37 2
23.38 14
33.95 2
33.97 2
54.36 1
33.98 3
33.99 2
19.61 4
19.62 2
19.63 11
19.64 3
19.65 33
19.66 64
19.67 7
19.68 7
19.69 1
23.41 1
23.42 2
23.43 1
23.45 22
23.46 11
23.47 1
23.48 5
23.49 10
140.86 1
54.45 1
19.71 2
19.72 1
19.73 7
19.74 49
19.75 170
19.76 30
19.77 1
19.78 479
19.79 1
68.0 1
68.4 1
220.0 1
85.44 1
23.52 2
16.0 194
23.53 2
16.1 43
16.2 79
23.55 9
16.3 67
23.56 9
16.4 34
23.57 5
16.5 17
23.58 16
16.6 47
16.7 60
16.8 25
16.9 30
19.82 25
13.01 17
19.83 4
13.02 14
19.84 1
13.03 116
13.04 1
19.85 26
19.86 45
13.05 340
19.87 5
13.06 713
19.88 9
13.07 10
19.89 17
13.08 161
13.09 2
23.62 1
23.64 13
23.65 7
23.66 13
23.67 1
44.06 1
23.68 7
23.69 1
54.66 1
54.67 1
19.91 2
19.92 2
13.11 51
19.93 7
13.12 18
19.94 3
13.13 12
19.95 35
13.14 66
19.96 18
13.15 2476
13.16 721
19.98 8
13.17 10
19.99 2
13.18 6548
13.19 5
23.71 2
23.72 2
23.73 5
23.75 6
44.15 1
23.76 9
116.28 1
55.0 22
44.16 5
23.77 1
23.78 4
55.2 1
23.79 6
55.3 1
55.7 1
55.8 1
55.9 1
13.21 9
13.22 4
13.23 137
13.24 80
13.25 161
13.26 187
13.27 13
13.28 68
13.29 49
23.82 12
23.83 2
44.22 1
23.84 1
23.85 2
23.86 6
23.87 1
23.88 5
44.28 2
94.0 1
147.36 1
13.31 4
13.32 81
13.33 112
13.34 21
13.35 113
13.36 278
13.37 5
13.38 50
13.39 1
23.91 2
23.94 9
23.95 15
23.96 8
44.35 2
23.98 5
44.38 1
225.0 1
42.0 3
42.3 1
42.4 1
13.41 4
42.6 1
13.42 1
42.7 1
42.8 1
13.43 4
13.44 61
13.45 236
13.46 125
13.47 8
13.48 272
85.96 1
120.0 5
13.51 67
13.52 5
13.53 7
13.54 6
13.55 121
13.56 301
13.57 14
13.58 152
13.59 54
81.8 1
116.62 1
44.58 2
13.61 5
34.01 1
13.62 7
13.63 109
34.03 1
13.64 3
34.04 1
13.65 144
34.05 3
13.66 318
13.67 1
34.06 3
13.68 70
34.08 2
44.61 1
44.66 1
138.0 1
182.46 1
13.71 6
13.72 12
13.73 110
13.74 67
13.75 89
34.14 3
34.15 1
13.76 236
13.77 5
34.16 2
99.0 6
34.17 1
13.78 178
99.1 1
13.79 1
178.73 1
65.11 1
65.16 1
75.75 3
13.81 3
13.82 1954
34.22 1
13.83 17
13.84 11
34.23 1
13.85 153
13.86 230
34.25 1
13.87 1
13.88 61
13.89 51
34.29 1
47.0 8
47.1 1
47.2 3
47.3 1
47.5 3
47.7 1
47.8 1
110.11 1
44.81 1
44.85 1
44.86 2
65.27 2
141.14 1
13.91 3
13.92 8
13.93 103
13.94 3
13.95 161
13.96 224
13.97 1
34.36 2
13.98 126
13.99 2
34.38 4
125.0 1
86.3 1
44.98 2
96.32 1
34.41 1
75.99 1
34.42 1
34.44 1
34.45 1
34.46 1
34.48 2
34.0 7
34.1 2
34.2 2
34.3 4
34.4 1
34.5 1
34.6 2
34.7 4
34.8 1
34.51 1
34.55 1
34.56 2
34.58 4
34.59 2
65.55 1
112.0 1
112.2 1
73.0 2
96.58 1
34.66 1
34.68 2
24.02 2
24.03 1
24.05 21
24.06 30
24.07 2
24.08 11
24.09 7
55.05 1
34.71 2
34.74 1
34.75 1
21.0 34
34.78 1
21.1 9
21.2 22
21.3 17
21.4 19
21.5 10
21.6 5
21.7 23
21.8 17
21.9 10
24.11 2
24.13 3
24.14 1
24.15 11
24.16 18
24.17 1
24.18 1
55.11 2
34.85 1
34.86 2
34.89 2
65.82 1
24.21 1
24.23 3
24.24 13
24.25 2
24.26 8
24.27 1
24.28 12
34.95 1
39.0 4
34.98 1
39.2 3
60.0 44
39.9 1
60.6 1
60.7 1
24.31 2
65.92 3
24.32 8
24.35 8
24.36 3
24.38 2
24.39 4
90.09 1
96.95 1
55.36 1
78.7 1
86.32 1
24.41 1
24.42 2
24.45 12
24.46 6
24.48 3
24.51 1
24.52 1
26.0 33
26.1 1
24.54 6
26.2 7
24.55 6
26.3 12
24.56 12
26.4 2
24.57 5
26.5 5
24.58 16
26.6 8
26.7 4
26.8 5
26.9 2
55.52 1
55.55 3
127.69 1
14.01 4
14.02 2
14.03 3
14.04 45
14.05 141
14.06 184
14.07 16
14.08 184
14.09 1
24.61 1
45.01 1
24.62 2
24.63 1
45.02 1
24.65 6
24.66 21
45.05 2
24.68 3
24.69 5
45.08 1
45.09 1
14.11 4
14.12 7
14.13 8
14.14 11
14.15 93
14.16 179
14.17 2
14.18 47
14.19 39
195.0 2
24.72 2
24.73 1
45.12 1
24.74 1
24.75 4
24.76 2
65.0 15
45.16 3
24.78 1
65.2 1
90.45 1
13.0 601
13.1 302
13.2 313
13.3 94
13.4 51
13.5 73
13.6 213
13.7 140
13.8 765
13.9 73
55.78 1
14.21 4
14.22 6
14.23 143
14.24 1
14.25 69
14.26 138
14.27 1
14.28 89
14.29 2
158.82 1
24.81 3
24.82 5
24.84 4
45.24 4
24.85 7
24.86 6
45.26 1
24.88 5
55.86 2
55.88 1
14.31 6
14.32 79
14.33 7
14.34 39
14.35 129
14.36 190
14.37 4
14.38 144
14.39 1
80.06 1
80.08 1
45.31 1
24.92 1
